  2.000000000000000E-003  2.000000000000000E-003 -0.932285608133552     
  2.000000000000000E-003  0.302332916666667      -0.945583119230159     
  2.000000000000000E-003  0.602665833333333      -0.914385716122307     
  2.000000000000000E-003  0.902998750000000      -0.858870110542397     
  2.000000000000000E-003   1.20333166666667      -0.814165147859807     
  2.000000000000000E-003   1.50366458333333      -0.783507974074099     
  2.000000000000000E-003   1.80399750000000      -0.764827932143568     
  2.000000000000000E-003   2.10433041666667      -0.758021104683277     
  2.000000000000000E-003   2.40466333333333      -0.765656361469140     
  2.000000000000000E-003   2.70499625000000      -0.788686497302938     
  2.000000000000000E-003   3.00532916666667      -0.819757682061175     
  2.000000000000000E-003   3.30566208333333      -0.842335538689605     
  2.000000000000000E-003   3.60599500000000      -0.853758840493898     
  2.000000000000000E-003   3.90632791666667      -0.811187117274361     
  2.000000000000000E-003   4.20666083333333      -0.759002827992361     
  2.000000000000000E-003   4.50699375000000      -0.701742611731584     
  2.000000000000000E-003   4.80732666666667      -0.653805503446973     
  2.000000000000000E-003   5.10765958333333      -0.620897841555199     
  2.000000000000000E-003   5.40799250000000      -0.601511762154904     
  2.000000000000000E-003   5.70832541666667      -0.592618404276597     
  2.000000000000000E-003   6.00865833333333      -0.593401506148866     
  2.000000000000000E-003   6.30899125000000      -0.604536829865763     
  2.000000000000000E-003   6.60932416666667      -0.623836852363461     
  2.000000000000000E-003   6.90965708333333      -0.630797447179247     
  2.000000000000000E-003   7.20999000000000      -0.615060321770215     
  0.302332916666667       2.000000000000000E-003 -0.970633228430540     
  0.302332916666667       0.302332916666667      -0.933289411968377     
  0.302332916666667       0.602665833333333      -0.906974827859960     
  0.302332916666667       0.902998750000000      -0.874114133538085     
  0.302332916666667        1.20333166666667      -0.840238755108186     
  0.302332916666667        1.50366458333333      -0.812930841394792     
  0.302332916666667        1.80399750000000      -0.794317633876412     
  0.302332916666667        2.10433041666667      -0.785911390374931     
  0.302332916666667        2.40466333333333      -0.790946101745736     
  0.302332916666667        2.70499625000000      -0.811141493777780     
  0.302332916666667        3.00532916666667      -0.839613534825645     
  0.302332916666667        3.30566208333333      -0.860933771988567     
  0.302332916666667        3.60599500000000      -0.858564194125430     
  0.302332916666667        3.90632791666667      -0.824976570315471     
  0.302332916666667        4.20666083333333      -0.771092929095668     
  0.302332916666667        4.50699375000000      -0.713753039187858     
  0.302332916666667        4.80732666666667      -0.666396182564536     
  0.302332916666667        5.10765958333333      -0.633925769062849     
  0.302332916666667        5.40799250000000      -0.614236643939989     
  0.302332916666667        5.70832541666667      -0.604221986710481     
  0.302332916666667        6.00865833333333      -0.602444607892891     
  0.302332916666667        6.30899125000000      -0.607829055459632     
  0.302332916666667        6.60932416666667      -0.616335760717670     
  0.302332916666667        6.90965708333333      -0.620237472502355     
  0.302332916666667        7.20999000000000      -0.623767176542698     
  0.602665833333333       2.000000000000000E-003 -0.964225130440365     
  0.602665833333333       0.302332916666667      -0.936312356971761     
  0.602665833333333       0.602665833333333      -0.900880668394728     
  0.602665833333333       0.902998750000000      -0.878472517738581     
  0.602665833333333        1.20333166666667      -0.856232097105822     
  0.602665833333333        1.50366458333333      -0.834832653222028     
  0.602665833333333        1.80399750000000      -0.817433356944013     
  0.602665833333333        2.10433041666667      -0.806938286433524     
  0.602665833333333        2.40466333333333      -0.806643060487356     
  0.602665833333333        2.70499625000000      -0.819177072196138     
  0.602665833333333        3.00532916666667      -0.838566163135800     
  0.602665833333333        3.30566208333333      -0.852794958155264     
  0.602665833333333        3.60599500000000      -0.846302598136886     
  0.602665833333333        3.90632791666667      -0.813224731152666     
  0.602665833333333        4.20666083333333      -0.763052713814697     
  0.602665833333333        4.50699375000000      -0.711593274138631     
  0.602665833333333        4.80732666666667      -0.669284335382873     
  0.602665833333333        5.10765958333333      -0.639899824517249     
  0.602665833333333        5.40799250000000      -0.620915365861970     
  0.602665833333333        5.70832541666667      -0.609671172665384     
  0.602665833333333        6.00865833333333      -0.604193063855997     
  0.602665833333333        6.30899125000000      -0.602647200209773     
  0.602665833333333        6.60932416666667      -0.603501688474000     
  0.602665833333333        6.90965708333333      -0.608899939634000     
  0.602665833333333        7.20999000000000      -0.609476372189086     
  0.902998750000000       2.000000000000000E-003 -0.927078683158383     
  0.902998750000000       0.302332916666667      -0.925453028425327     
  0.902998750000000       0.602665833333333      -0.905493781719257     
  0.902998750000000       0.902998750000000      -0.888003519686093     
  0.902998750000000        1.20333166666667      -0.871124422288509     
  0.902998750000000        1.50366458333333      -0.853341271787877     
  0.902998750000000        1.80399750000000      -0.836436778018573     
  0.902998750000000        2.10433041666667      -0.823243570433177     
  0.902998750000000        2.40466333333333      -0.816899714392334     
  0.902998750000000        2.70499625000000      -0.818439528548958     
  0.902998750000000        3.00532916666667      -0.824999843289719     
  0.902998750000000        3.30566208333333      -0.827104981044604     
  0.902998750000000        3.60599500000000      -0.814818794028974     
  0.902998750000000        3.90632791666667      -0.784677132796845     
  0.902998750000000        4.20666083333333      -0.743112094979773     
  0.902998750000000        4.50699375000000      -0.700868519855654     
  0.902998750000000        4.80732666666667      -0.666240930050509     
  0.902998750000000        5.10765958333333      -0.640799549843815     
  0.902998750000000        5.40799250000000      -0.623137213999625     
  0.902998750000000        5.70832541666667      -0.611274686379952     
  0.902998750000000        6.00865833333333      -0.603378063205884     
  0.902998750000000        6.30899125000000      -0.598075698536232     
  0.902998750000000        6.60932416666667      -0.594943141403204     
  0.902998750000000        6.90965708333333      -0.593242491943649     
  0.902998750000000        7.20999000000000      -0.584017457576637     
   1.20333166666667       2.000000000000000E-003 -0.903570691630091     
   1.20333166666667       0.302332916666667      -0.915615062988117     
   1.20333166666667       0.602665833333333      -0.911466130870311     
   1.20333166666667       0.902998750000000      -0.901417944061120     
   1.20333166666667        1.20333166666667      -0.888108178211115     
   1.20333166666667        1.50366458333333      -0.871878557131518     
   1.20333166666667        1.80399750000000      -0.854279663502560     
   1.20333166666667        2.10433041666667      -0.838331775855009     
   1.20333166666667        2.40466333333333      -0.826269128115369     
   1.20333166666667        2.70499625000000      -0.817783128225660     
   1.20333166666667        3.00532916666667      -0.811075949978297     
   1.20333166666667        3.30566208333333      -0.801881480792095     
   1.20333166666667        3.60599500000000      -0.784254408264137     
   1.20333166666667        3.90632791666667      -0.756403620048562     
   1.20333166666667        4.20666083333333      -0.722455762641375     
   1.20333166666667        4.50699375000000      -0.689340596023533     
   1.20333166666667        4.80732666666667      -0.661157032932420     
   1.20333166666667        5.10765958333333      -0.639073996387779     
   1.20333166666667        5.40799250000000      -0.622744384209804     
   1.20333166666667        5.70832541666667      -0.610866805592667     
   1.20333166666667        6.00865833333333      -0.601808880976969     
   1.20333166666667        6.30899125000000      -0.594379319017059     
   1.20333166666667        6.60932416666667      -0.587660679755372     
   1.20333166666667        6.90965708333333      -0.579640358655818     
   1.20333166666667        7.20999000000000      -0.565540494639482     
   1.50366458333333       2.000000000000000E-003 -0.900772239432922     
   1.50366458333333       0.302332916666667      -0.919167236411720     
   1.50366458333333       0.602665833333333      -0.924270582961611     
   1.50366458333333       0.902998750000000      -0.920290325521520     
   1.50366458333333        1.20333166666667      -0.909660476344343     
   1.50366458333333        1.50366458333333      -0.893727950802728     
   1.50366458333333        1.80399750000000      -0.874727541655282     
   1.50366458333333        2.10433041666667      -0.855770378728452     
   1.50366458333333        2.40466333333333      -0.838080780232518     
   1.50366458333333        2.70499625000000      -0.821781446185661     
   1.50366458333333        3.00532916666667      -0.805759445063514     
   1.50366458333333        3.30566208333333      -0.787759775266062     
   1.50366458333333        3.60599500000000      -0.765511933356082     
   1.50366458333333        3.90632791666667      -0.738618325426960     
   1.50366458333333        4.20666083333333      -0.709336872359854     
   1.50366458333333        4.50699375000000      -0.681113397386558     
   1.50366458333333        4.80732666666667      -0.656580125947737     
   1.50366458333333        5.10765958333333      -0.636776994798899     
   1.50366458333333        5.40799250000000      -0.621479938472074     
   1.50366458333333        5.70832541666667      -0.609807455651042     
   1.50366458333333        6.00865833333333      -0.600315791375640     
   1.50366458333333        6.30899125000000      -0.591681433031913     
   1.50366458333333        6.60932416666667      -0.582650056824685     
   1.50366458333333        6.90965708333333      -0.571383574688290     
   1.50366458333333        7.20999000000000      -0.555477958200031     
   1.80399750000000       2.000000000000000E-003 -0.918764533064297     
   1.80399750000000       0.302332916666667      -0.940763664668646     
   1.80399750000000       0.602665833333333      -0.950236425432320     
   1.80399750000000       0.902998750000000      -0.949250059816381     
   1.80399750000000        1.20333166666667      -0.939556045781065     
   1.80399750000000        1.50366458333333      -0.922922133009741     
   1.80399750000000        1.80399750000000      -0.901859183838827     
   1.80399750000000        2.10433041666667      -0.878428495312124     
   1.80399750000000        2.40466333333333      -0.854434033306790     
   1.80399750000000        2.70499625000000      -0.830968387258391     
   1.80399750000000        3.00532916666667      -0.807930607623827     
   1.80399750000000        3.30566208333333      -0.784199015344644     
   1.80399750000000        3.60599500000000      -0.758588252727996     
   1.80399750000000        3.90632791666667      -0.731013249153399     
   1.80399750000000        4.20666083333333      -0.702908982118991     
   1.80399750000000        4.50699375000000      -0.676521196826166     
   1.80399750000000        4.80732666666667      -0.653721537174239     
   1.80399750000000        5.10765958333333      -0.635265992366698     
   1.80399750000000        5.40799250000000      -0.620819585579491     
   1.80399750000000        5.70832541666667      -0.609444032745350     
   1.80399750000000        6.00865833333333      -0.600016244295504     
   1.80399750000000        6.30899125000000      -0.591155555698878     
   1.80399750000000        6.60932416666667      -0.581404688701195     
   1.80399750000000        6.90965708333333      -0.569136242943465     
   1.80399750000000        7.20999000000000      -0.552750779197129     
   2.10433041666667       2.000000000000000E-003 -0.959911425698118     
   2.10433041666667       0.302332916666667      -0.984482616336416     
   2.10433041666667       0.602665833333333      -0.994752585051992     
   2.10433041666667       0.902998750000000      -0.993072569793757     
   2.10433041666667        1.20333166666667      -0.981873431749852     
   2.10433041666667        1.50366458333333      -0.962869635739698     
   2.10433041666667        1.80399750000000      -0.937504084640724     
   2.10433041666667        2.10433041666667      -0.907774156338644     
   2.10433041666667        2.40466333333333      -0.876239283433217     
   2.10433041666667        2.70499625000000      -0.845134235220802     
   2.10433041666667        3.00532916666667      -0.815437207760796     
   2.10433041666667        3.30566208333333      -0.786749790326377     
   2.10433041666667        3.60599500000000      -0.758135445767944     
   2.10433041666667        3.90632791666667      -0.729271336556526     
   2.10433041666667        4.20666083333333      -0.701025455395763     
   2.10433041666667        4.50699375000000      -0.675071468944283     
   2.10433041666667        4.80732666666667      -0.652937281240209     
   2.10433041666667        5.10765958333333      -0.635243911895846     
   2.10433041666667        5.40799250000000      -0.621596874993160     
   2.10433041666667        5.70832541666667      -0.611005606053783     
   2.10433041666667        6.00865833333333      -0.602331063586960     
   2.10433041666667        6.30899125000000      -0.594352599329135     
   2.10433041666667        6.60932416666667      -0.585503184065083     
   2.10433041666667        6.90965708333333      -0.573818280767560     
   2.10433041666667        7.20999000000000      -0.557604936331006     
   2.40466333333333       2.000000000000000E-003  -1.03110246571612     
   2.40466333333333       0.302332916666667       -1.05751957425041     
   2.40466333333333       0.602665833333333       -1.06383364151536     
   2.40466333333333       0.902998750000000       -1.05568159631459     
   2.40466333333333        1.20333166666667       -1.03805958394345     
   2.40466333333333        1.50366458333333       -1.01294879805904     
   2.40466333333333        1.80399750000000      -0.980814090362204     
   2.40466333333333        2.10433041666667      -0.943097583955018     
   2.40466333333333        2.40466333333333      -0.902813275509531     
   2.40466333333333        2.70499625000000      -0.863301450737032     
   2.40466333333333        3.00532916666667      -0.826628194480659     
   2.40466333333333        3.30566208333333      -0.792975447323128     
   2.40466333333333        3.60599500000000      -0.761360299966477     
   2.40466333333333        3.90632791666667      -0.730979167326122     
   2.40466333333333        4.20666083333333      -0.702112673365386     
   2.40466333333333        4.50699375000000      -0.676013384495844     
   2.40466333333333        4.80732666666667      -0.654044586806389     
   2.40466333333333        5.10765958333333      -0.636840630905709     
   2.40466333333333        5.40799250000000      -0.624083722744670     
   2.40466333333333        5.70832541666667      -0.614882354075869     
   2.40466333333333        6.00865833333333      -0.608224711135252     
   2.40466333333333        6.30899125000000      -0.602941816402257     
   2.40466333333333        6.60932416666667      -0.597109146700680     
   2.40466333333333        6.90965708333333      -0.587743760361731     
   2.40466333333333        7.20999000000000      -0.572071103336164     
   2.70499625000000       2.000000000000000E-003  -1.13444709385638     
   2.70499625000000       0.302332916666667       -1.16331238278665     
   2.70499625000000       0.602665833333333       -1.16296444650915     
   2.70499625000000       0.902998750000000       -1.13929659828006     
   2.70499625000000        1.20333166666667       -1.10537665936178     
   2.70499625000000        1.50366458333333       -1.06900843596446     
   2.70499625000000        1.80399750000000       -1.02775151269716     
   2.70499625000000        2.10433041666667      -0.980998604673982     
   2.70499625000000        2.40466333333333      -0.931469305004954     
   2.70499625000000        2.70499625000000      -0.883315029828883     
   2.70499625000000        3.00532916666667      -0.839589374842402     
   2.70499625000000        3.30566208333333      -0.800989813868338     
   2.70499625000000        3.60599500000000      -0.766403705973745     
   2.70499625000000        3.90632791666667      -0.734471672503979     
   2.70499625000000        4.20666083333333      -0.704861729419045     
   2.70499625000000        4.50699375000000      -0.678434328167577     
   2.70499625000000        4.80732666666667      -0.656452652475415     
   2.70499625000000        5.10765958333333      -0.639658467636861     
   2.70499625000000        5.40799250000000      -0.627951014863302     
   2.70499625000000        5.70832541666667      -0.620765542593290     
   2.70499625000000        6.00865833333333      -0.617600993066912     
   2.70499625000000        6.30899125000000      -0.617863670429778     
   2.70499625000000        6.60932416666667      -0.618253732495331     
   2.70499625000000        6.90965708333333      -0.612629565708731     
   2.70499625000000        7.20999000000000      -0.597439738724985     
   3.00532916666667       2.000000000000000E-003  -1.25356462993173     
   3.00532916666667       0.302332916666667       -1.28611904271225     
   3.00532916666667       0.602665833333333       -1.27709688604951     
   3.00532916666667       0.902998750000000       -1.23605901275325     
   3.00532916666667        1.20333166666667       -1.17669684783253     
   3.00532916666667        1.50366458333333       -1.12305191378997     
   3.00532916666667        1.80399750000000       -1.07122405076998     
   3.00532916666667        2.10433041666667       -1.01566576571088     
   3.00532916666667        2.40466333333333      -0.957709540012973     
   3.00532916666667        2.70499625000000      -0.901833212744870     
   3.00532916666667        3.00532916666667      -0.851840479178431     
   3.00532916666667        3.30566208333333      -0.808853272639963     
   3.00532916666667        3.60599500000000      -0.771634714229839     
   3.00532916666667        3.90632791666667      -0.738324291618726     
   3.00532916666667        4.20666083333333      -0.708038734585116     
   3.00532916666667        4.50699375000000      -0.681289684893736     
   3.00532916666667        4.80732666666667      -0.659267529978686     
   3.00532916666667        5.10765958333333      -0.642858297758386     
   3.00532916666667        5.40799250000000      -0.632268108388739     
   3.00532916666667        5.70832541666667      -0.627492642520668     
   3.00532916666667        6.00865833333333      -0.629181214703487     
   3.00532916666667        6.30899125000000      -0.637604447967686     
   3.00532916666667        6.60932416666667      -0.645931216562528     
   3.00532916666667        6.90965708333333      -0.644884353969465     
   3.00532916666667        7.20999000000000      -0.629576024104533     
   3.30566208333333       2.000000000000000E-003  -1.34692709700650     
   3.30566208333333       0.302332916666667       -1.38729240511794     
   3.30566208333333       0.602665833333333       -1.37445746171387     
   3.30566208333333       0.902998750000000       -1.31616258073032     
   3.30566208333333        1.20333166666667       -1.23640430706718     
   3.30566208333333        1.50366458333333       -1.16359325881498     
   3.30566208333333        1.80399750000000       -1.10247148007217     
   3.30566208333333        2.10433041666667       -1.04026258800448     
   3.30566208333333        2.40466333333333      -0.976311779689784     
   3.30566208333333        2.70499625000000      -0.915030694852528     
   3.30566208333333        3.00532916666667      -0.860661240312766     
   3.30566208333333        3.30566208333333      -0.814604657482971     
   3.30566208333333        3.60599500000000      -0.775541072345844     
   3.30566208333333        3.90632791666667      -0.741265100650751     
   3.30566208333333        4.20666083333333      -0.710508619074508     
   3.30566208333333        4.50699375000000      -0.683537219054539     
   3.30566208333333        4.80732666666667      -0.661493482343152     
   3.30566208333333        5.10765958333333      -0.645385888569449     
   3.30566208333333        5.40799250000000      -0.635703961388988     
   3.30566208333333        5.70832541666667      -0.633049950229564     
   3.30566208333333        6.00865833333333      -0.639630427649818     
   3.30566208333333        6.30899125000000      -0.655451215953776     
   3.30566208333333        6.60932416666667      -0.671964055620379     
   3.30566208333333        6.90965708333333      -0.674617210273773     
   3.30566208333333        7.20999000000000      -0.658194746614257     
   3.60599500000000       2.000000000000000E-003  -1.39383345073949     
   3.60599500000000       0.302332916666667       -1.42501726205393     
   3.60599500000000       0.602665833333333       -1.41313447904229     
   3.60599500000000       0.902998750000000       -1.34771686052450     
   3.60599500000000        1.20333166666667       -1.25998688556402     
   3.60599500000000        1.50366458333333       -1.17886061081858     
   3.60599500000000        1.80399750000000       -1.11389924599980     
   3.60599500000000        2.10433041666667       -1.04918134979260     
   3.60599500000000        2.40466333333333      -0.983049818598250     
   3.60599500000000        2.70499625000000      -0.919821088639390     
   3.60599500000000        3.00532916666667      -0.863875808460183     
   3.60599500000000        3.30566208333333      -0.816712390556643     
   3.60599500000000        3.60599500000000      -0.776982380955705     
   3.60599500000000        3.90632791666667      -0.742357867063955     
   3.60599500000000        4.20666083333333      -0.711432599116099     
   3.60599500000000        4.50699375000000      -0.684383181926985     
   3.60599500000000        4.80732666666667      -0.662335445188876     
   3.60599500000000        5.10765958333333      -0.646346270708947     
   3.60599500000000        5.40799250000000      -0.637022893939153     
   3.60599500000000        5.70832541666667      -0.635243075834600     
   3.60599500000000        6.00865833333333      -0.643915906170830     
   3.60599500000000        6.30899125000000      -0.662872864139072     
   3.60599500000000        6.60932416666667      -0.683157383168865     
   3.60599500000000        6.90965708333333      -0.688017069784141     
   3.60599500000000        7.20999000000000      -0.680569065772271     
   3.90632791666667       2.000000000000000E-003  -1.34690659608906     
   3.90632791666667       0.302332916666667       -1.38707077369305     
   3.90632791666667       0.602665833333333       -1.37425057755383     
   3.90632791666667       0.902998750000000       -1.31603074465651     
   3.90632791666667        1.20333166666667       -1.23633333085276     
   3.90632791666667        1.50366458333333       -1.16355416087117     
   3.90632791666667        1.80399750000000       -1.10244660985884     
   3.90632791666667        2.10433041666667       -1.04024494369999     
   3.90632791666667        2.40466333333333      -0.976297558123613     
   3.90632791666667        2.70499625000000      -0.915017632771396     
   3.90632791666667        3.00532916666667      -0.860648256609337     
   3.90632791666667        3.30566208333333      -0.814591573689286     
   3.90632791666667        3.60599500000000      -0.775528208305405     
   3.90632791666667        3.90632791666667      -0.741252920575247     
   3.90632791666667        4.20666083333333      -0.710497624304441     
   3.90632791666667        4.50699375000000      -0.683528101011260     
   3.90632791666667        4.80732666666667      -0.661487367615396     
   3.90632791666667        5.10765958333333      -0.645384510294472     
   3.90632791666667        5.40799250000000      -0.635709861235975     
   3.90632791666667        5.70832541666667      -0.633067452023032     
   3.90632791666667        6.00865833333333      -0.639669906729434     
   3.90632791666667        6.30899125000000      -0.655529722522591     
   3.90632791666667        6.60932416666667      -0.672091202404989     
   3.90632791666667        6.90965708333333      -0.674762319618678     
   3.90632791666667        7.20999000000000      -0.658249191050722     
   4.20666083333333       2.000000000000000E-003  -1.25353058486014     
   4.20666083333333       0.302332916666667       -1.28589817772995     
   4.20666083333333       0.602665833333333       -1.27685425388489     
   4.20666083333333       0.902998750000000       -1.23588634390140     
   4.20666083333333        1.20333166666667       -1.17659784743536     
   4.20666083333333        1.50366458333333       -1.12299274065634     
   4.20666083333333        1.80399750000000       -1.07118509305998     
   4.20666083333333        2.10433041666667       -1.01563685474685     
   4.20666083333333        2.40466333333333      -0.957684451408085     
   4.20666083333333        2.70499625000000      -0.901808435536628     
   4.20666083333333        3.00532916666667      -0.851814832212654     
   4.20666083333333        3.30566208333333      -0.808827190460467     
   4.20666083333333        3.60599500000000      -0.771609228071115     
   4.20666083333333        3.90632791666667      -0.738300248444943     
   4.20666083333333        4.20666083333333      -0.708016690164699     
   4.20666083333333        4.50699375000000      -0.681270425720715     
   4.20666083333333        4.80732666666667      -0.659252758222440     
   4.20666083333333        5.10765958333333      -0.642851011042473     
   4.20666083333333        5.40799250000000      -0.632272696513140     
   4.20666083333333        5.70832541666667      -0.627515578638084     
   4.20666083333333        6.00865833333333      -0.629234539822137     
   4.20666083333333        6.30899125000000      -0.637709405419444     
   4.20666083333333        6.60932416666667      -0.646090477622405     
   4.20666083333333        6.90965708333333      -0.645054140801784     
   4.20666083333333        7.20999000000000      -0.629668645122356     
   4.50699375000000       2.000000000000000E-003  -1.13440912120032     
   4.50699375000000       0.302332916666667       -1.16316190572001     
   4.50699375000000       0.602665833333333       -1.16278696260977     
   4.50699375000000       0.902998750000000       -1.13916152160381     
   4.50699375000000        1.20333166666667       -1.10528980948323     
   4.50699375000000        1.50366458333333       -1.06895264911366     
   4.50699375000000        1.80399750000000       -1.02771291845165     
   4.50699375000000        2.10433041666667      -0.980966766057331     
   4.50699375000000        2.40466333333333      -0.931437202134829     
   4.50699375000000        2.70499625000000      -0.883279503836468     
   4.50699375000000        3.00532916666667      -0.839550791206449     
   4.50699375000000        3.30566208333333      -0.800950533501807     
   4.50699375000000        3.60599500000000      -0.766366072113633     
   4.50699375000000        3.90632791666667      -0.734436692620548     
   4.50699375000000        4.20666083333333      -0.704829181923859     
   4.50699375000000        4.50699375000000      -0.678404045903610     
   4.50699375000000        4.80732666666667      -0.656425988970439     
   4.50699375000000        5.10765958333333      -0.639638983001132     
   4.50699375000000        5.40799250000000      -0.627944178937029     
   4.50699375000000        5.70832541666667      -0.620778209234139     
   4.50699375000000        6.00865833333333      -0.617641847910414     
   4.50699375000000        6.30899125000000      -0.617944656419043     
   4.50699375000000        6.60932416666667      -0.618376325343374     
   4.50699375000000        6.90965708333333      -0.612759077668953     
   4.50699375000000        7.20999000000000      -0.597524824210450     
   4.80732666666667       2.000000000000000E-003  -1.03105924107237     
   4.80732666666667       0.302332916666667       -1.05742797033648     
   4.80732666666667       0.602665833333333       -1.06373175035594     
   4.80732666666667       0.902998750000000       -1.05559892830221     
   4.80732666666667        1.20333166666667       -1.03800281429189     
   4.80732666666667        1.50366458333333       -1.01291160124301     
   4.80732666666667        1.80399750000000      -0.980785638388405     
   4.80732666666667        2.10433041666667      -0.943067431784324     
   4.80732666666667        2.40466333333333      -0.902774774234148     
   4.80732666666667        2.70499625000000      -0.863253524317215     
   4.80732666666667        3.00532916666667      -0.826574640323991     
   4.80732666666667        3.30566208333333      -0.792922015840708     
   4.80732666666667        3.60599500000000      -0.761311209838982     
   4.80732666666667        3.90632791666667      -0.730935145864061     
   4.80732666666667        4.20666083333333      -0.702071602823302     
   4.80732666666667        4.50699375000000      -0.675972873652672     
   4.80732666666667        4.80732666666667      -0.654004619353311     
   4.80732666666667        5.10765958333333      -0.636804662494353     
   4.80732666666667        5.40799250000000      -0.624057854140928     
   4.80732666666667        5.70832541666667      -0.614873486042797     
   4.80732666666667        6.00865833333333      -0.608238910994399     
   4.80732666666667        6.30899125000000      -0.602982903109060     
   4.80732666666667        6.60932416666667      -0.597175134962257     
   4.80732666666667        6.90965708333333      -0.587819916847836     
   4.80732666666667        7.20999000000000      -0.572132159574421     
   5.10765958333333       2.000000000000000E-003 -0.959855237919474     
   5.10765958333333       0.302332916666667      -0.984418886544207     
   5.10765958333333       0.602665833333333      -0.994695323871857     
   5.10765958333333       0.902998750000000      -0.993031142321875     
   5.10765958333333        1.20333166666667      -0.981848852017193     
   5.10765958333333        1.50366458333333      -0.962854582099059     
   5.10765958333333        1.80399750000000      -0.937486678154284     
   5.10765958333333        2.10433041666667      -0.907743306185650     
   5.10765958333333        2.40466333333333      -0.876189597756950     
   5.10765958333333        2.70499625000000      -0.845068355702683     
   5.10765958333333        3.00532916666667      -0.815364201959809     
   5.10765958333333        3.30566208333333      -0.786680217913313     
   5.10765958333333        3.60599500000000      -0.758075815306780     
   5.10765958333333        3.90632791666667      -0.729221359653259     
   5.10765958333333        4.20666083333333      -0.700979736420338     
   5.10765958333333        4.50699375000000      -0.675024100711688     
   5.10765958333333        4.80732666666667      -0.652886057238470     
   5.10765958333333        5.10765958333333      -0.635191758829050     
   5.10765958333333        5.40799250000000      -0.621550298479856     
   5.10765958333333        5.70832541666667      -0.610971687328460     
   5.10765958333333        6.00865833333333      -0.602314960609420     
   5.10765958333333        6.30899125000000      -0.594356462300453     
   5.10765958333333        6.60932416666667      -0.585525862441448     
   5.10765958333333        6.90965708333333      -0.573855066390289     
   5.10765958333333        7.20999000000000      -0.557647567298379     
   5.40799250000000       2.000000000000000E-003 -0.918687174857373     
   5.40799250000000       0.302332916666667      -0.940697865947014     
   5.40799250000000       0.602665833333333      -0.950193043000500     
   5.40799250000000       0.902998750000000      -0.949233821631539     
   5.40799250000000        1.20333166666667      -0.939558398548321     
   5.40799250000000        1.50366458333333      -0.922924630166747     
   5.40799250000000        1.80399750000000      -0.901846276448045     
   5.40799250000000        2.10433041666667      -0.878388415731642     
   5.40799250000000        2.40466333333333      -0.854363527600816     
   5.40799250000000        2.70499625000000      -0.830875230744009     
   5.40799250000000        3.00532916666667      -0.807830978801914     
   5.40799250000000        3.30566208333333      -0.784110069112174     
   5.40799250000000        3.60599500000000      -0.758519382622452     
   5.40799250000000        3.90632791666667      -0.730961906140634     
   5.40799250000000        4.20666083333333      -0.702864430735208     
   5.40799250000000        4.50699375000000      -0.676472678934586     
   5.40799250000000        4.80732666666667      -0.653664387661583     
   5.40799250000000        5.10765958333333      -0.635202727929510     
   5.40799250000000        5.40799250000000      -0.620756977895254     
   5.40799250000000        5.70832541666667      -0.609388899282302     
   5.40799250000000        6.00865833333333      -0.599973207837585     
   5.40799250000000        6.30899125000000      -0.591129531999452     
   5.40799250000000        6.60932416666667      -0.581399035900946     
   5.40799250000000        6.90965708333333      -0.569152071100326     
   5.40799250000000        7.20999000000000      -0.552787261872467     
   5.70832541666667       2.000000000000000E-003 -0.900669134195613     
   5.70832541666667       0.302332916666667      -0.919080318730091     
   5.70832541666667       0.602665833333333      -0.924215307934869     
   5.70832541666667       0.902998750000000      -0.920273884806613     
   5.70832541666667        1.20333166666667      -0.909671906768128     
   5.70832541666667        1.50366458333333      -0.893740159592276     
   5.70832541666667        1.80399750000000      -0.874710543675260     
   5.70832541666667        2.10433041666667      -0.855710417207173     
   5.70832541666667        2.40466333333333      -0.837977339486070     
   5.70832541666667        2.70499625000000      -0.821648175417963     
   5.70832541666667        3.00532916666667      -0.805621891494333     
   5.70832541666667        3.30566208333333      -0.787645818827722     
   5.70832541666667        3.60599500000000      -0.765436324635831     
   5.70832541666667        3.90632791666667      -0.738573443577879     
   5.70832541666667        4.20666083333333      -0.709301772603993     
   5.70832541666667        4.50699375000000      -0.681070645885075     
   5.70832541666667        4.80732666666667      -0.656523706347118     
   5.70832541666667        5.10765958333333      -0.636710432960448     
   5.70832541666667        5.40799250000000      -0.621410469947516     
   5.70832541666667        5.70832541666667      -0.609741337098515     
   5.70832541666667        6.00865833333333      -0.600260640188165     
   5.70832541666667        6.30899125000000      -0.591642578024551     
   5.70832541666667        6.60932416666667      -0.582630306755135     
   5.70832541666667        6.90965708333333      -0.571386399343639     
   5.70832541666667        7.20999000000000      -0.555508983262793     
   6.00865833333333       2.000000000000000E-003 -0.903444271185177     
   6.00865833333333       0.302332916666667      -0.915499502621167     
   6.00865833333333       0.602665833333333      -0.911384708448554     
   6.00865833333333       0.902998750000000      -0.901385106642701     
   6.00865833333333        1.20333166666667      -0.888112988079955     
   6.00865833333333        1.50366458333333      -0.871887741590357     
   6.00865833333333        1.80399750000000      -0.854253202529434     
   6.00865833333333        2.10433041666667      -0.838243803214017     
   6.00865833333333        2.40466333333333      -0.826120298511150     
   6.00865833333333        2.70499625000000      -0.817590939024341     
   6.00865833333333        3.00532916666667      -0.810877584254494     
   6.00865833333333        3.30566208333333      -0.801728590063678     
   6.00865833333333        3.60599500000000      -0.784179054038552     
   6.00865833333333        3.90632791666667      -0.756383956790229     
   6.00865833333333        4.20666083333333      -0.722443832804145     
   6.00865833333333        4.50699375000000      -0.689309932766140     
   6.00865833333333        4.80732666666667      -0.661105989870937     
   6.00865833333333        5.10765958333333      -0.639011499052479     
   6.00865833333333        5.40799250000000      -0.622679776173918     
   6.00865833333333        5.70832541666667      -0.610809929800920     
   6.00865833333333        6.00865833333333      -0.601765949524566     
   6.00865833333333        6.30899125000000      -0.594350355019043     
   6.00865833333333        6.60932416666667      -0.587642188788433     
   6.00865833333333        6.90965708333333      -0.579631912404503     
   6.00865833333333        7.20999000000000      -0.565554965856852     
   6.30899125000000       2.000000000000000E-003 -0.926941911230766     
   6.30899125000000       0.302332916666667      -0.925319224022569     
   6.30899125000000       0.602665833333333      -0.905387363509753     
   6.30899125000000       0.902998750000000      -0.887951714146116     
   6.30899125000000        1.20333166666667      -0.871119059324528     
   6.30899125000000        1.50366458333333      -0.853342320823214     
   6.30899125000000        1.80399750000000      -0.836396596116871     
   6.30899125000000        2.10433041666667      -0.823125132201492     
   6.30899125000000        2.40466333333333      -0.816694134909993     
   6.30899125000000        2.70499625000000      -0.818156178556950     
   6.30899125000000        3.00532916666667      -0.824692054972007     
   6.30899125000000        3.30566208333333      -0.826880386092867     
   6.30899125000000        3.60599500000000      -0.814744879201206     
   6.30899125000000        3.90632791666667      -0.784702814019548     
   6.30899125000000        4.20666083333333      -0.743138106791881     
   6.30899125000000        4.50699375000000      -0.700850329457340     
   6.30899125000000        4.80732666666667      -0.666192840658891     
   6.30899125000000        5.10765958333333      -0.640744766627087     
   6.30899125000000        5.40799250000000      -0.623091790309450     
   6.30899125000000        5.70832541666667      -0.611248414513623     
   6.30899125000000        6.00865833333333      -0.603369602978076     
   6.30899125000000        6.30899125000000      -0.598074673381725     
   6.30899125000000        6.60932416666667      -0.594935640472500     
   6.30899125000000        6.90965708333333      -0.593216567986846     
   6.30899125000000        7.20999000000000      -0.583989630375463     
   6.60932416666667       2.000000000000000E-003 -0.964091891151623     
   6.60932416666667       0.302332916666667      -0.936176677994307     
   6.60932416666667       0.602665833333333      -0.900751094315991     
   6.60932416666667       0.902998750000000      -0.878403157884447     
   6.60932416666667        1.20333166666667      -0.856219389696734     
   6.60932416666667        1.50366458333333      -0.834826955972016     
   6.60932416666667        1.80399750000000      -0.817380152880625     
   6.60932416666667        2.10433041666667      -0.806793822978038     
   6.60932416666667        2.40466333333333      -0.806376365037139     
   6.60932416666667        2.70499625000000      -0.818776735760379     
   6.60932416666667        3.00532916666667      -0.838108646398417     
   6.60932416666667        3.30566208333333      -0.852448059602370     
   6.60932416666667        3.60599500000000      -0.846206392782729     
   6.60932416666667        3.90632791666667      -0.813273437237287     
   6.60932416666667        4.20666083333333      -0.763076084177842     
   6.60932416666667        4.50699375000000      -0.711556292784454     
   6.60932416666667        4.80732666666667      -0.669222660166463     
   6.60932416666667        5.10765958333333      -0.639850352867170     
   6.60932416666667        5.40799250000000      -0.620897483099336     
   6.60932416666667        5.70832541666667      -0.609686657623060     
   6.60932416666667        6.00865833333333      -0.604224888743777     
   6.60932416666667        6.30899125000000      -0.602664132699119     
   6.60932416666667        6.60932416666667      -0.603482729486637     
   6.60932416666667        6.90965708333333      -0.608847356404156     
   6.60932416666667        7.20999000000000      -0.609393444327461     
   6.90965708333333       2.000000000000000E-003 -0.970463305667755     
   6.90965708333333       0.302332916666667      -0.933085638840682     
   6.90965708333333       0.602665833333333      -0.906774254258840     
   6.90965708333333       0.902998750000000      -0.874014087208566     
   6.90965708333333        1.20333166666667      -0.840216147724450     
   6.90965708333333        1.50366458333333      -0.812917605501562     
   6.90965708333333        1.80399750000000      -0.794254616625421     
   6.90965708333333        2.10433041666667      -0.785751670880632     
   6.90965708333333        2.40466333333333      -0.790639801202051     
   6.90965708333333        2.70499625000000      -0.810671112010569     
   6.90965708333333        3.00532916666667      -0.839041911928099     
   6.90965708333333        3.30566208333333      -0.860452384997201     
   6.90965708333333        3.60599500000000      -0.858399268697714     
   6.90965708333333        3.90632791666667      -0.824931818495632     
   6.90965708333333        4.20666083333333      -0.770995405041925     
   6.90965708333333        4.50699375000000      -0.713624992017646     
   6.90965708333333        4.80732666666667      -0.666290342086942     
   6.90965708333333        5.10765958333333      -0.633873842274819     
   6.90965708333333        5.40799250000000      -0.614244318068603     
   6.90965708333333        5.70832541666667      -0.604275815724491     
   6.90965708333333        6.00865833333333      -0.602502801754793     
   6.90965708333333        6.30899125000000      -0.607817717804393     
   6.90965708333333        6.60932416666667      -0.616213631619726     
   6.90965708333333        6.90965708333333      -0.620161286957086     
   6.90965708333333        7.20999000000000      -0.623771067035554     
   7.20999000000000       2.000000000000000E-003 -0.932079619615810     
   7.20999000000000       0.302332916666667      -0.945291001700950     
   7.20999000000000       0.602665833333333      -0.914099060436888     
   7.20999000000000       0.902998750000000      -0.858736113391878     
   7.20999000000000        1.20333166666667      -0.814123693825888     
   7.20999000000000        1.50366458333333      -0.783479248636219     
   7.20999000000000        1.80399750000000      -0.764755201060056     
   7.20999000000000        2.10433041666667      -0.757863877773917     
   7.20999000000000        2.40466333333333      -0.765369828376530     
   7.20999000000000        2.70499625000000      -0.788266515792305     
   7.20999000000000        3.00532916666667      -0.819264829070578     
   7.20999000000000        3.30566208333333      -0.841928816878913     
   7.20999000000000        3.60599500000000      -0.853578927240413     
   7.20999000000000        3.90632791666667      -0.810884743443256     
   7.20999000000000        4.20666083333333      -0.758685873732127     
   7.20999000000000        4.50699375000000      -0.701484533325420     
   7.20999000000000        4.80732666666667      -0.653641068952444     
   7.20999000000000        5.10765958333333      -0.620836493131898     
   7.20999000000000        5.40799250000000      -0.601535504371017     
   7.20999000000000        5.70832541666667      -0.592698630878685     
   7.20999000000000        6.00865833333333      -0.593477001122759     
   7.20999000000000        6.30899125000000      -0.604501918255197     
   7.20999000000000        6.60932416666667      -0.623615233233244     
   7.20999000000000        6.90965708333333      -0.630696415301761     
   7.20999000000000        7.20999000000000      -0.615228567307901     
