  2.000000000000000E-003  2.000000000000000E-003  -1.23734519105055     
  2.000000000000000E-003  0.302332916666667       -1.23878738244010     
  2.000000000000000E-003  0.602665833333333       -1.18453699372524     
  2.000000000000000E-003  0.902998750000000       -1.10462608128001     
  2.000000000000000E-003   1.20333166666667       -1.03675270146030     
  2.000000000000000E-003   1.50366458333333      -0.984029981050174     
  2.000000000000000E-003   1.80399750000000      -0.943828095596469     
  2.000000000000000E-003   2.10433041666667      -0.915407775845412     
  2.000000000000000E-003   2.40466333333333      -0.900409002551934     
  2.000000000000000E-003   2.70499625000000      -0.899225503743390     
  2.000000000000000E-003   3.00532916666667      -0.905939444933005     
  2.000000000000000E-003   3.30566208333333      -0.907253905761357     
  2.000000000000000E-003   3.60599500000000      -0.902007547284794     
  2.000000000000000E-003   3.90632791666667      -0.853467052403515     
  2.000000000000000E-003   4.20666083333333      -0.799885660262340     
  2.000000000000000E-003   4.50699375000000      -0.745555982659667     
  2.000000000000000E-003   4.80732666666667      -0.699724341113520     
  2.000000000000000E-003   5.10765958333333      -0.665914195924390     
  2.000000000000000E-003   5.40799250000000      -0.642700272792633     
  2.000000000000000E-003   5.70832541666667      -0.627665951913462     
  2.000000000000000E-003   6.00865833333333      -0.620249238651309     
  2.000000000000000E-003   6.30899125000000      -0.621226827764071     
  2.000000000000000E-003   6.60932416666667      -0.629481195808088     
  2.000000000000000E-003   6.90965708333333      -0.630249327163807     
  2.000000000000000E-003   7.20999000000000      -0.614924796919545     
  0.302332916666667       2.000000000000000E-003  -1.31637167424082     
  0.302332916666667       0.302332916666667       -1.25705530684931     
  0.302332916666667       0.602665833333333       -1.19995253544338     
  0.302332916666667       0.902998750000000       -1.13889479456291     
  0.302332916666667        1.20333166666667       -1.07912762942087     
  0.302332916666667        1.50366458333333       -1.02733158579289     
  0.302332916666667        1.80399750000000      -0.984895942111211     
  0.302332916666667        2.10433041666667      -0.952712628183530     
  0.302332916666667        2.40466333333333      -0.933156257555812     
  0.302332916666667        2.70499625000000      -0.927644388769173     
  0.302332916666667        3.00532916666667      -0.930906456636837     
  0.302332916666667        3.30566208333333      -0.930285883115373     
  0.302332916666667        3.60599500000000      -0.911392950930547     
  0.302332916666667        3.90632791666667      -0.868063852631578     
  0.302332916666667        4.20666083333333      -0.812658550899387     
  0.302332916666667        4.50699375000000      -0.757875720878223     
  0.302332916666667        4.80732666666667      -0.712128015618703     
  0.302332916666667        5.10765958333333      -0.678245705668427     
  0.302332916666667        5.40799250000000      -0.654390615413567     
  0.302332916666667        5.70832541666667      -0.638167942841697     
  0.302332916666667        6.00865833333333      -0.628660642461444     
  0.302332916666667        6.30899125000000      -0.625536358701808     
  0.302332916666667        6.60932416666667      -0.626589435692703     
  0.302332916666667        6.90965708333333      -0.625415534609069     
  0.302332916666667        7.20999000000000      -0.620561290966766     
  0.602665833333333       2.000000000000000E-003  -1.34239296246496     
  0.602665833333333       0.302332916666667       -1.28942919964880     
  0.602665833333333       0.602665833333333       -1.21800711862128     
  0.602665833333333       0.902998750000000       -1.16343585962928     
  0.602665833333333        1.20333166666667       -1.11242651630208     
  0.602665833333333        1.50366458333333       -1.06399933201107     
  0.602665833333333        1.80399750000000       -1.02046674786374     
  0.602665833333333        2.10433041666667      -0.984207920316696     
  0.602665833333333        2.40466333333333      -0.957954250187412     
  0.602665833333333        2.70499625000000      -0.943980234385049     
  0.602665833333333        3.00532916666667      -0.938091027424795     
  0.602665833333333        3.30566208333333      -0.930229982209129     
  0.602665833333333        3.60599500000000      -0.907009008938533     
  0.602665833333333        3.90632791666667      -0.864235905134721     
  0.602665833333333        4.20666083333333      -0.811247221237907     
  0.602665833333333        4.50699375000000      -0.760087109532422     
  0.602665833333333        4.80732666666667      -0.717400204215235     
  0.602665833333333        5.10765958333333      -0.685196757612474     
  0.602665833333333        5.40799250000000      -0.661411682603819     
  0.602665833333333        5.70832541666667      -0.643985810201545     
  0.602665833333333        6.00865833333333      -0.631678385481748     
  0.602665833333333        6.30899125000000      -0.623537458159228     
  0.602665833333333        6.60932416666667      -0.618582170264701     
  0.602665833333333        6.90965708333333      -0.616643513023226     
  0.602665833333333        7.20999000000000      -0.609502081317512     
  0.902998750000000       2.000000000000000E-003  -1.32877938729110     
  0.902998750000000       0.302332916666667       -1.30236957460227     
  0.902998750000000       0.602665833333333       -1.24802663883756     
  0.902998750000000       0.902998750000000       -1.19602530476793     
  0.902998750000000        1.20333166666667       -1.14673421874152     
  0.902998750000000        1.50366458333333       -1.09835615274009     
  0.902998750000000        1.80399750000000       -1.05233413217856     
  0.902998750000000        2.10433041666667       -1.01122766971254     
  0.902998750000000        2.40466333333333      -0.977557530196706     
  0.902998750000000        2.70499625000000      -0.952505128549847     
  0.902998750000000        3.00532916666667      -0.934204522217928     
  0.902998750000000        3.30566208333333      -0.915046913620653     
  0.902998750000000        3.60599500000000      -0.886723741115859     
  0.902998750000000        3.90632791666667      -0.846649745225950     
  0.902998750000000        4.20666083333333      -0.800305233168680     
  0.902998750000000        4.50699375000000      -0.755661420118836     
  0.902998750000000        4.80732666666667      -0.718023170101806     
  0.902998750000000        5.10765958333333      -0.688140684529460     
  0.902998750000000        5.40799250000000      -0.664898034177491     
  0.902998750000000        5.70832541666667      -0.646712702552222     
  0.902998750000000        6.00865833333333      -0.632429322763372     
  0.902998750000000        6.30899125000000      -0.621194248101782     
  0.902998750000000        6.60932416666667      -0.612428266560737     
  0.902998750000000        6.90965708333333      -0.604688559120483     
  0.902998750000000        7.20999000000000      -0.591513548636487     
   1.20333166666667       2.000000000000000E-003  -1.34011250420820     
   1.20333166666667       0.302332916666667       -1.32629553460333     
   1.20333166666667       0.602665833333333       -1.28704871407942     
   1.20333166666667       0.902998750000000       -1.23850828191650     
   1.20333166666667        1.20333166666667       -1.18692682600488     
   1.20333166666667        1.50366458333333       -1.13434793860161     
   1.20333166666667        1.80399750000000       -1.08314980354571     
   1.20333166666667        2.10433041666667       -1.03612878630235     
   1.20333166666667        2.40466333333333      -0.995060972331802     
   1.20333166666667        2.70499625000000      -0.960018791198469     
   1.20333166666667        3.00532916666667      -0.929514678384778     
   1.20333166666667        3.30566208333333      -0.900059524369715     
   1.20333166666667        3.60599500000000      -0.866889555584332     
   1.20333166666667        3.90632791666667      -0.828545097051872     
   1.20333166666667        4.20666083333333      -0.788006924211474     
   1.20333166666667        4.50699375000000      -0.749903892734770     
   1.20333166666667        4.80732666666667      -0.716655812410822     
   1.20333166666667        5.10765958333333      -0.688833041585261     
   1.20333166666667        5.40799250000000      -0.666163433324179     
   1.20333166666667        5.70832541666667      -0.647658537070966     
   1.20333166666667        6.00865833333333      -0.632260580181979     
   1.20333166666667        6.30899125000000      -0.619134622465849     
   1.20333166666667        6.60932416666667      -0.607341450542786     
   1.20333166666667        6.90965708333333      -0.595015214577330     
   1.20333166666667        7.20999000000000      -0.578739730698506     
   1.50366458333333       2.000000000000000E-003  -1.39364266697234     
   1.50366458333333       0.302332916666667       -1.38318232077652     
   1.50366458333333       0.602665833333333       -1.34764513689519     
   1.50366458333333       0.902998750000000       -1.29651843034428     
   1.50366458333333        1.20333166666667       -1.23751117629810     
   1.50366458333333        1.50366458333333       -1.17598685874554     
   1.50366458333333        1.80399750000000       -1.11619813779222     
   1.50366458333333        2.10433041666667       -1.06125329329410     
   1.50366458333333        2.40466333333333       -1.01256697969277     
   1.50366458333333        2.70499625000000      -0.969633159161481     
   1.50366458333333        3.00532916666667      -0.930689070641930     
   1.50366458333333        3.30566208333333      -0.893432247993101     
   1.50366458333333        3.60599500000000      -0.855952790303311     
   1.50366458333333        3.90632791666667      -0.817867505318542     
   1.50366458333333        4.20666083333333      -0.780545182197785     
   1.50366458333333        4.50699375000000      -0.745900076853314     
   1.50366458333333        4.80732666666667      -0.715184094822339     
   1.50366458333333        5.10765958333333      -0.688770999966832     
   1.50366458333333        5.40799250000000      -0.666484650486663     
   1.50366458333333        5.70832541666667      -0.647829544504913     
   1.50366458333333        6.00865833333333      -0.631856688375500     
   1.50366458333333        6.30899125000000      -0.617621696500309     
   1.50366458333333        6.60932416666667      -0.603973757137598     
   1.50366458333333        6.90965708333333      -0.589286738407268     
   1.50366458333333        7.20999000000000      -0.571742549099084     
   1.80399750000000       2.000000000000000E-003  -1.49797442076976     
   1.80399750000000       0.302332916666667       -1.48528570296171     
   1.80399750000000       0.602665833333333       -1.44247925518940     
   1.80399750000000       0.902998750000000       -1.37874607199195     
   1.80399750000000        1.20333166666667       -1.30430665608279     
   1.80399750000000        1.50366458333333       -1.22745670714719     
   1.80399750000000        1.80399750000000       -1.15418556430085     
   1.80399750000000        2.10433041666667       -1.08845988505767     
   1.80399750000000        2.40466333333333       -1.03127397845652     
   1.80399750000000        2.70499625000000      -0.981382839929497     
   1.80399750000000        3.00532916666667      -0.936481021576616     
   1.80399750000000        3.30566208333333      -0.894352538679122     
   1.80399750000000        3.60599500000000      -0.853713091748127     
   1.80399750000000        3.90632791666667      -0.814528222984549     
   1.80399750000000        4.20666083333333      -0.777674975549304     
   1.80399750000000        4.50699375000000      -0.744176798019738     
   1.80399750000000        4.80732666666667      -0.714601781040157     
   1.80399750000000        5.10765958333333      -0.688970413854320     
   1.80399750000000        5.40799250000000      -0.666984331272655     
   1.80399750000000        5.70832541666667      -0.648208138847052     
   1.80399750000000        6.00865833333333      -0.632025569336485     
   1.80399750000000        6.30899125000000      -0.617411186187113     
   1.80399750000000        6.60932416666667      -0.603072150096176     
   1.80399750000000        6.90965708333333      -0.587538840630774     
   1.80399750000000        7.20999000000000      -0.569539084495615     
   2.10433041666667       2.000000000000000E-003  -1.66698239136241     
   2.10433041666667       0.302332916666667       -1.64661487001705     
   2.10433041666667       0.602665833333333       -1.58338443335376     
   2.10433041666667       0.902998750000000       -1.49307303560005     
   2.10433041666667        1.20333166666667       -1.39128021705520     
   2.10433041666667        1.50366458333333       -1.29043314323414     
   2.10433041666667        1.80399750000000       -1.19840058187196     
   2.10433041666667        2.10433041666667       -1.11878641294499     
   2.10433041666667        2.40466333333333       -1.05169487530698     
   2.10433041666667        2.70499625000000      -0.994836310736833     
   2.10433041666667        3.00532916666667      -0.944950896467625     
   2.10433041666667        3.30566208333333      -0.899204141204661     
   2.10433041666667        3.60599500000000      -0.856072933047671     
   2.10433041666667        3.90632791666667      -0.815440497933601     
   2.10433041666667        4.20666083333333      -0.778014502016855     
   2.10433041666667        4.50699375000000      -0.744530978260371     
   2.10433041666667        4.80732666666667      -0.715255522261110     
   2.10433041666667        5.10765958333333      -0.689976571693583     
   2.10433041666667        5.40799250000000      -0.668277959551954     
   2.10433041666667        5.70832541666667      -0.649726899328784     
   2.10433041666667        6.00865833333333      -0.633785486624468     
   2.10433041666667        6.30899125000000      -0.619546976366044     
   2.10433041666667        6.60932416666667      -0.605586153698770     
   2.10433041666667        6.90965708333333      -0.590223879432669     
   2.10433041666667        7.20999000000000      -0.572193425808913     
   2.40466333333333       2.000000000000000E-003  -1.92762071138353     
   2.40466333333333       0.302332916666667       -1.88976711318277     
   2.40466333333333       0.602665833333333       -1.78277248749244     
   2.40466333333333       0.902998750000000       -1.64255893770002     
   2.40466333333333        1.20333166666667       -1.49781008235816     
   2.40466333333333        1.50366458333333       -1.36411584651351     
   2.40466333333333        1.80399750000000       -1.24824059359159     
   2.40466333333333        2.10433041666667       -1.15189700589479     
   2.40466333333333        2.40466333333333       -1.07349423298904     
   2.40466333333333        2.70499625000000       -1.00927537655069     
   2.40466333333333        3.00532916666667      -0.954698607531252     
   2.40466333333333        3.30566208333333      -0.905913465942554     
   2.40466333333333        3.60599500000000      -0.860733854391200     
   2.40466333333333        3.90632791666667      -0.818703758876548     
   2.40466333333333        4.20666083333333      -0.780386593449294     
   2.40466333333333        4.50699375000000      -0.746438655016614     
   2.40466333333333        4.80732666666667      -0.717043003024302     
   2.40466333333333        5.10765958333333      -0.691907435962025     
   2.40466333333333        5.40799250000000      -0.670588006939365     
   2.40466333333333        5.70832541666667      -0.652720349645384     
   2.40466333333333        6.00865833333333      -0.637898907924481     
   2.40466333333333        6.30899125000000      -0.625249348770402     
   2.40466333333333        6.60932416666667      -0.613019908957948     
   2.40466333333333        6.90965708333333      -0.598834083634209     
   2.40466333333333        7.20999000000000      -0.581005728255975     
   2.70499625000000       2.000000000000000E-003  -2.27921029159522     
   2.70499625000000       0.302332916666667       -2.21779579380396     
   2.70499625000000       0.602665833333333       -2.04921445654160     
   2.70499625000000       0.902998750000000       -1.82983026445258     
   2.70499625000000        1.20333166666667       -1.62022595642938     
   2.70499625000000        1.50366458333333       -1.44396165929548     
   2.70499625000000        1.80399750000000       -1.30022747910156     
   2.70499625000000        2.10433041666667       -1.18552798515453     
   2.70499625000000        2.40466333333333       -1.09519412325350     
   2.70499625000000        2.70499625000000       -1.02350459121830     
   2.70499625000000        3.00532916666667      -0.964443217164891     
   2.70499625000000        3.30566208333333      -0.912989773070534     
   2.70499625000000        3.60599500000000      -0.866120818705603     
   2.70499625000000        3.90632791666667      -0.822902125585529     
   2.70499625000000        4.20666083333333      -0.783711879600893     
   2.70499625000000        4.50699375000000      -0.749184377362883     
   2.70499625000000        4.80732666666667      -0.719529791141276     
   2.70499625000000        5.10765958333333      -0.694492248234778     
   2.70499625000000        5.40799250000000      -0.673712565693195     
   2.70499625000000        5.70832541666667      -0.657034545520261     
   2.70499625000000        6.00865833333333      -0.644415783319356     
   2.70499625000000        6.30899125000000      -0.635311085924365     
   2.70499625000000        6.60932416666667      -0.626905397173212     
   2.70499625000000        6.90965708333333      -0.614831640655562     
   2.70499625000000        7.20999000000000      -0.597166774678569     
   3.00532916666667       2.000000000000000E-003  -2.66038748360959     
   3.00532916666667       0.302332916666667       -2.57436334672138     
   3.00532916666667       0.602665833333333       -2.33747161336440     
   3.00532916666667       0.902998750000000       -2.03404784590087     
   3.00532916666667        1.20333166666667       -1.74535936346495     
   3.00532916666667        1.50366458333333       -1.51978664487290     
   3.00532916666667        1.80399750000000       -1.34760709152659     
   3.00532916666667        2.10433041666667       -1.21545772452718     
   3.00532916666667        2.40466333333333       -1.11418926828850     
   3.00532916666667        2.70499625000000       -1.03580345368474     
   3.00532916666667        3.00532916666667      -0.972834019784964     
   3.00532916666667        3.30566208333333      -0.919169910138646     
   3.00532916666667        3.60599500000000      -0.870987330233812     
   3.00532916666667        3.90632791666667      -0.826866148679189     
   3.00532916666667        4.20666083333333      -0.786983075583535     
   3.00532916666667        4.50699375000000      -0.751957400854361     
   3.00532916666667        4.80732666666667      -0.722065160251069     
   3.00532916666667        5.10765958333333      -0.697149240423629     
   3.00532916666667        5.40799250000000      -0.677021752178761     
   3.00532916666667        5.70832541666667      -0.661900829329441     
   3.00532916666667        6.00865833333333      -0.652555187162188     
   3.00532916666667        6.30899125000000      -0.649003186141602     
   3.00532916666667        6.60932416666667      -0.645925201088308     
   3.00532916666667        6.90965708333333      -0.636568364544855     
   3.00532916666667        7.20999000000000      -0.618499171234457     
   3.30566208333333       2.000000000000000E-003  -2.94148092345222     
   3.30566208333333       0.302332916666667       -2.84522482792329     
   3.30566208333333       0.602665833333333       -2.56684928151197     
   3.30566208333333       0.902998750000000       -2.19519670434350     
   3.30566208333333        1.20333166666667       -1.84533007482824     
   3.30566208333333        1.50366458333333       -1.57607800199671     
   3.30566208333333        1.80399750000000       -1.38147201060281     
   3.30566208333333        2.10433041666667       -1.23643609669995     
   3.30566208333333        2.40466333333333       -1.12734262166035     
   3.30566208333333        2.70499625000000       -1.04423403365142     
   3.30566208333333        3.00532916666667      -0.978543584209670     
   3.30566208333333        3.30566208333333      -0.923379502434006     
   3.30566208333333        3.60599500000000      -0.874344224532361     
   3.30566208333333        3.90632791666667      -0.829657522506402     
   3.30566208333333        4.20666083333333      -0.789337983416088     
   3.30566208333333        4.50699375000000      -0.753990255308991     
   3.30566208333333        4.80732666666667      -0.723948668267015     
   3.30566208333333        5.10765958333333      -0.699153826029105     
   3.30566208333333        5.40799250000000      -0.679595436028176     
   3.30566208333333        5.70832541666667      -0.665913452411124     
   3.30566208333333        6.00865833333333      -0.660015529390685     
   3.30566208333333        6.30899125000000      -0.661770883699046     
   3.30566208333333        6.60932416666667      -0.664694475345950     
   3.30566208333333        6.90965708333333      -0.658015594784076     
   3.30566208333333        7.20999000000000      -0.638919892234415     
   3.60599500000000       2.000000000000000E-003  -3.12632343245329     
   3.60599500000000       0.302332916666667       -2.94111299428963     
   3.60599500000000       0.602665833333333       -2.65262951161777     
   3.60599500000000       0.902998750000000       -2.25671405682344     
   3.60599500000000        1.20333166666667       -1.88368305364708     
   3.60599500000000        1.50366458333333       -1.59711716107663     
   3.60599500000000        1.80399750000000       -1.39383345073949     
   3.60599500000000        2.10433041666667       -1.24400450874440     
   3.60599500000000        2.40466333333333       -1.13205407680068     
   3.60599500000000        2.70499625000000       -1.04723418131392     
   3.60599500000000        3.00532916666667      -0.980562607103686     
   3.60599500000000        3.30566208333333      -0.924863259571762     
   3.60599500000000        3.60599500000000      -0.875530289994754     
   3.60599500000000        3.90632791666667      -0.830650808441292     
   3.60599500000000        4.20666083333333      -0.790183438927318     
   3.60599500000000        4.50699375000000      -0.754726399197067     
   3.60599500000000        4.80732666666667      -0.724636717848576     
   3.60599500000000        5.10765958333333      -0.699895424780471     
   3.60599500000000        5.40799250000000      -0.680569135767957     
   3.60599500000000        5.70832541666667      -0.667493377618267     
   3.60599500000000        6.00865833333333      -0.663100733957220     
   3.60599500000000        6.30899125000000      -0.667178708156650     
   3.60599500000000        6.60932416666667      -0.673078882119348     
   3.60599500000000        6.90965708333333      -0.668533720400982     
   3.60599500000000        7.20999000000000      -0.656067088260460     
   3.90632791666667       2.000000000000000E-003  -2.94147630192030     
   3.90632791666667       0.302332916666667       -2.84493170253591     
   3.90632791666667       0.602665833333333       -2.56657803320708     
   3.90632791666667       0.902998750000000       -2.19502739199858     
   3.90632791666667        1.20333166666667       -1.84523895926245     
   3.90632791666667        1.50366458333333       -1.57602479744320     
   3.90632791666667        1.80399750000000       -1.38143349566268     
   3.90632791666667        2.10433041666667       -1.23640342003012     
   3.90632791666667        2.40466333333333       -1.12731153606445     
   3.90632791666667        2.70499625000000       -1.04420248030571     
   3.90632791666667        3.00532916666667      -0.978510949196189     
   3.90632791666667        3.30566208333333      -0.923346107866023     
   3.90632791666667        3.60599500000000      -0.874310818847571     
   3.90632791666667        3.90632791666667      -0.829624899674273     
   3.90632791666667        4.20666083333333      -0.789306856784896     
   3.90632791666667        4.50699375000000      -0.753961355190803     
   3.90632791666667        4.80732666666667      -0.723922909081095     
   3.90632791666667        5.10765958333333      -0.699132414196775     
   3.90632791666667        5.40799250000000      -0.679579976393922     
   3.90632791666667        5.70832541666667      -0.665906454515997     
   3.90632791666667        6.00865833333333      -0.660022520131810     
   3.90632791666667        6.30899125000000      -0.661801066890507     
   3.90632791666667        6.60932416666667      -0.664752775215412     
   3.90632791666667        6.90965708333333      -0.658088035844544     
   3.90632791666667        7.20999000000000      -0.638959836832010     
   4.20666083333333       2.000000000000000E-003  -2.66038037677179     
   4.20666083333333       0.302332916666667       -2.57408729356573     
   4.20666083333333       0.602665833333333       -2.33716175446130     
   4.20666083333333       0.902998750000000       -2.03382825010734     
   4.20666083333333        1.20333166666667       -1.74523051529755     
   4.20666083333333        1.50366458333333       -1.51970241919191     
   4.20666083333333        1.80399750000000       -1.34754164846462     
   4.20666083333333        2.10433041666667       -1.21539857759511     
   4.20666083333333        2.40466333333333       -1.11412992477646     
   4.20666083333333        2.70499625000000       -1.03574122602265     
   4.20666083333333        3.00532916666667      -0.972768914653129     
   4.20666083333333        3.30566208333333      -0.919103406066236     
   4.20666083333333        3.60599500000000      -0.870921159260362     
   4.20666083333333        3.90632791666667      -0.826801573192657     
   4.20666083333333        4.20666083333333      -0.786920906429615     
   4.20666083333333        4.50699375000000      -0.751898532596511     
   4.20666083333333        4.80732666666667      -0.722011122992090     
   4.20666083333333        5.10765958333333      -0.697102397150325     
   4.20666083333333        5.40799250000000      -0.676985221220442     
   4.20666083333333        5.70832541666667      -0.661878765269187     
   4.20666083333333        6.00865833333333      -0.652554718684862     
   4.20666083333333        6.30899125000000      -0.649036970521055     
   4.20666083333333        6.60932416666667      -0.645996856145239     
   4.20666083333333        6.90965708333333      -0.636658755660962     
   4.20666083333333        7.20999000000000      -0.618565840300423     
   4.50699375000000       2.000000000000000E-003  -2.27919630947497     
   4.50699375000000       0.302332916666667       -2.21762109701089     
   4.50699375000000       0.602665833333333       -2.04899580145671     
   4.50699375000000       0.902998750000000       -1.82965946978736     
   4.50699375000000        1.20333166666667       -1.62010821242583     
   4.50699375000000        1.50366458333333       -1.44387331417184     
   4.50699375000000        1.80399750000000       -1.30015044013542     
   4.50699375000000        2.10433041666667       -1.18545025923942     
   4.50699375000000        2.40466333333333       -1.09510940248022     
   4.50699375000000        2.70499625000000       -1.02341181727712     
   4.50699375000000        3.00532916666667      -0.964345098386990     
   4.50699375000000        3.30566208333333      -0.912890332441820     
   4.50699375000000        3.60599500000000      -0.866023087645436     
   4.50699375000000        3.90632791666667      -0.822807161967481     
   4.50699375000000        4.20666083333333      -0.783619437424545     
   4.50699375000000        4.50699375000000      -0.749094494613773     
   4.50699375000000        4.80732666666667      -0.719444096759856     
   4.50699375000000        5.10765958333333      -0.694414206853007     
   4.50699375000000        5.40799250000000      -0.673646802099787     
   4.50699375000000        5.70832541666667      -0.656986163117214     
   4.50699375000000        6.00865833333333      -0.644390743636296     
   4.50699375000000        6.30899125000000      -0.635317948116812     
   4.50699375000000        6.60932416666667      -0.626948592101100     
   4.50699375000000        6.90965708333333      -0.614894792520838     
   4.50699375000000        7.20999000000000      -0.597220305202201     
   4.80732666666667       2.000000000000000E-003  -1.92759884730466     
   4.80732666666667       0.302332916666667       -1.88967311073659     
   4.80732666666667       0.602665833333333       -1.78265433657144     
   4.80732666666667       0.902998750000000       -1.64245350741707     
   4.80732666666667        1.20333166666667       -1.49772436427902     
   4.80732666666667        1.50366458333333       -1.36404055557522     
   4.80732666666667        1.80399750000000       -1.24816220833187     
   4.80732666666667        2.10433041666667       -1.15180465026258     
   4.80732666666667        2.40466333333333       -1.07338356987340     
   4.80732666666667        2.70499625000000       -1.00914940772559     
   4.80732666666667        3.00532916666667      -0.954565153297465     
   4.80732666666667        3.30566208333333      -0.905780661290919     
   4.80732666666667        3.60599500000000      -0.860606231073831     
   4.80732666666667        3.90632791666667      -0.818581134447385     
   4.80732666666667        4.20666083333333      -0.780266106171752     
   4.80732666666667        4.50699375000000      -0.746318216555908     
   4.80732666666667        4.80732666666667      -0.716923770150256     
   4.80732666666667        5.10765958333333      -0.691793969397940     
   4.80732666666667        5.40799250000000      -0.670486549939235     
   4.80732666666667        5.70832541666667      -0.652636812721227     
   4.80732666666667        6.00865833333333      -0.637837977757456     
   4.80732666666667        6.30899125000000      -0.625214643921418     
   4.80732666666667        6.60932416666667      -0.613012883812153     
   4.80732666666667        6.90965708333333      -0.598848893415590     
   4.80732666666667        7.20999000000000      -0.581025712391301     
   5.10765958333333       2.000000000000000E-003  -1.66695312622654     
   5.10765958333333       0.302332916666667       -1.64656456268076     
   5.10765958333333       0.602665833333333       -1.58332694595892     
   5.10765958333333       0.902998750000000       -1.49301857656069     
   5.10765958333333        1.20333166666667       -1.39122902975228     
   5.10765958333333        1.50366458333333       -1.29037539432406     
   5.10765958333333        1.80399750000000       -1.19832208972107     
   5.10765958333333        2.10433041666667       -1.11867655322649     
   5.10765958333333        2.40466333333333       -1.05155248565860     
   5.10765958333333        2.70499625000000      -0.994670711141096     
   5.10765958333333        3.00532916666667      -0.944777445551364     
   5.10765958333333        3.30566208333333      -0.899036686425070     
   5.10765958333333        3.60599500000000      -0.855917531393119     
   5.10765958333333        3.90632791666667      -0.815294280507165     
   5.10765958333333        4.20666083333333      -0.777870090405274     
   5.10765958333333        4.50699375000000      -0.744382880272957     
   5.10765958333333        4.80732666666667      -0.715104079748266     
   5.10765958333333        5.10765958333333      -0.689827601137550     
   5.10765958333333        5.40799250000000      -0.668139382226628     
   5.10765958333333        5.70832541666667      -0.649605214410865     
   5.10765958333333        6.00865833333333      -0.633684423517156     
   5.10765958333333        6.30899125000000      -0.619468515382068     
   5.10765958333333        6.60932416666667      -0.605531661381440     
   5.10765958333333        6.90965708333333      -0.590192709342589     
   5.10765958333333        7.20999000000000      -0.572180764130262     
   5.40799250000000       2.000000000000000E-003  -1.49794083082069     
   5.40799250000000       0.302332916666667       -1.48524869335476     
   5.40799250000000       0.602665833333333       -1.44244644469886     
   5.40799250000000       0.902998750000000       -1.37872323413590     
   5.40799250000000        1.20333166666667       -1.30428461321745     
   5.40799250000000        1.50366458333333       -1.22741297554055     
   5.40799250000000        1.80399750000000       -1.15410142068753     
   5.40799250000000        2.10433041666667       -1.08832426351669     
   5.40799250000000        2.40466333333333       -1.03108974730106     
   5.40799250000000        2.70499625000000      -0.981167598298364     
   5.40799250000000        3.00532916666667      -0.936260313089368     
   5.40799250000000        3.30566208333333      -0.894148172349817     
   5.40799250000000        3.60599500000000      -0.853532821272859     
   5.40799250000000        3.90632791666667      -0.814364218361515     
   5.40799250000000        4.20666083333333      -0.777512626620120     
   5.40799250000000        4.50699375000000      -0.744006097603321     
   5.40799250000000        4.80732666666667      -0.714422706196536     
   5.40799250000000        5.10765958333333      -0.688790749941205     
   5.40799250000000        5.40799250000000      -0.666813592719992     
   5.40799250000000        5.70832541666667      -0.648052289147932     
   5.40799250000000        6.00865833333333      -0.631886283229605     
   5.40799250000000        6.30899125000000      -0.617290476459659     
   5.40799250000000        6.60932416666667      -0.602973909453926     
   5.40799250000000        6.90965708333333      -0.587468310222259     
   5.40799250000000        7.20999000000000      -0.569500213623761     
   5.70832541666667       2.000000000000000E-003  -1.39361226552988     
   5.70832541666667       0.302332916666667       -1.38314493674125     
   5.70832541666667       0.602665833333333       -1.34761067453161     
   5.70832541666667       0.902998750000000       -1.29649888805810     
   5.70832541666667        1.20333166666667       -1.23749919779627     
   5.70832541666667        1.50366458333333       -1.17595146047220     
   5.70832541666667        1.80399750000000       -1.11610244794103     
   5.70832541666667        2.10433041666667       -1.06108277141221     
   5.70832541666667        2.40466333333333       -1.01232866598500     
   5.70832541666667        2.70499625000000      -0.969354224234420     
   5.70832541666667        3.00532916666667      -0.930409102531699     
   5.70832541666667        3.30566208333333      -0.893186721971736     
   5.70832541666667        3.60599500000000      -0.855753029618872     
   5.70832541666667        3.90632791666667      -0.817695388618656     
   5.70832541666667        4.20666083333333      -0.780372795432692     
   5.70832541666667        4.50699375000000      -0.745712213980107     
   5.70832541666667        4.80732666666667      -0.714983133585174     
   5.70832541666667        5.10765958333333      -0.688568974667866     
   5.70832541666667        5.40799250000000      -0.666292732966676     
   5.70832541666667        5.70832541666667      -0.647651397313528     
   5.70832541666667        6.00865833333333      -0.631692205026886     
   5.70832541666667        6.30899125000000      -0.617469879390366     
   5.70832541666667        6.60932416666667      -0.603836007480382     
   5.70832541666667        6.90965708333333      -0.589171693673676     
   5.70832541666667        7.20999000000000      -0.571666617733349     
   6.00865833333333       2.000000000000000E-003  -1.34009477461630     
   6.00865833333333       0.302332916666667       -1.32625607909475     
   6.00865833333333       0.602665833333333       -1.28700039967215     
   6.00865833333333       0.902998750000000       -1.23847853609221     
   6.00865833333333        1.20333166666667       -1.18691393433683     
   6.00865833333333        1.50366458333333       -1.13431351444478     
   6.00865833333333        1.80399750000000       -1.08304278900260     
   6.00865833333333        2.10433041666667       -1.03591809861975     
   6.00865833333333        2.40466333333333      -0.994755132692710     
   6.00865833333333        2.70499625000000      -0.959652780626118     
   6.00865833333333        3.00532916666667      -0.929148070047471     
   6.00865833333333        3.30566208333333      -0.899760811498928     
   6.00865833333333        3.60599500000000      -0.866684570659646     
   6.00865833333333        3.90632791666667      -0.828387363824701     
   6.00865833333333        4.20666083333333      -0.787835058072916     
   6.00865833333333        4.50699375000000      -0.749700347948404     
   6.00865833333333        4.80732666666667      -0.716435378934038     
   6.00865833333333        5.10765958333333      -0.688617559016419     
   6.00865833333333        5.40799250000000      -0.665966904992776     
   6.00865833333333        5.70832541666667      -0.647483310769681     
   6.00865833333333        6.00865833333333      -0.632099137101702     
   6.00865833333333        6.30899125000000      -0.618975370752333     
   6.00865833333333        6.60932416666667      -0.607176250116891     
   6.00865833333333        6.90965708333333      -0.594848458047318     
   6.00865833333333        7.20999000000000      -0.578603148338359     
   6.30899125000000       2.000000000000000E-003  -1.32878470168881     
   6.30899125000000       0.302332916666667       -1.30234027855549     
   6.30899125000000       0.602665833333333       -1.24796465746322     
   6.30899125000000       0.902998750000000       -1.19598779193150     
   6.30899125000000        1.20333166666667       -1.14672799138828     
   6.30899125000000        1.50366458333333       -1.09832915297270     
   6.30899125000000        1.80399750000000       -1.05222000815054     
   6.30899125000000        2.10433041666667       -1.01097827662030     
   6.30899125000000        2.40466333333333      -0.977168694758619     
   6.30899125000000        2.70499625000000      -0.952004459821829     
   6.30899125000000        3.00532916666667      -0.933683704811185     
   6.30899125000000        3.30566208333333      -0.914653774082043     
   6.30899125000000        3.60599500000000      -0.886515880845140     
   6.30899125000000        3.90632791666667      -0.846521435367842     
   6.30899125000000        4.20666083333333      -0.800132734386042     
   6.30899125000000        4.50699375000000      -0.755427214967422     
   6.30899125000000        4.80732666666667      -0.717774765870699     
   6.30899125000000        5.10765958333333      -0.687917536050523     
   6.30899125000000        5.40799250000000      -0.664718205149698     
   6.30899125000000        5.70832541666667      -0.646569749003091     
   6.30899125000000        6.00865833333333      -0.632298006587171     
   6.30899125000000        6.30899125000000      -0.621044900627556     
   6.30899125000000        6.60932416666667      -0.612243037566893     
   6.30899125000000        6.90965708333333      -0.604460566714791     
   6.30899125000000        7.20999000000000      -0.591278537848259     
   6.60932416666667       2.000000000000000E-003  -1.34242184781035     
   6.60932416666667       0.302332916666667       -1.28940708654932     
   6.60932416666667       0.602665833333333       -1.21790866928791     
   6.60932416666667       0.902998750000000       -1.16338936020473     
   6.60932416666667        1.20333166666667       -1.11244038052095     
   6.60932416666667        1.50366458333333       -1.06399298578905     
   6.60932416666667        1.80399750000000       -1.02035484892020     
   6.60932416666667        2.10433041666667      -0.983928643556788     
   6.60932416666667        2.40466333333333      -0.957470574652414     
   6.60932416666667        2.70499625000000      -0.943292490871288     
   6.60932416666667        3.00532916666667      -0.937336715244809     
   6.60932416666667        3.30566208333333      -0.929654785050259     
   6.60932416666667        3.60599500000000      -0.906751493847739     
   6.60932416666667        3.90632791666667      -0.864077868927256     
   6.60932416666667        4.20666083333333      -0.810989270868006     
   6.60932416666667        4.50699375000000      -0.759759450658129     
   6.60932416666667        4.80732666666667      -0.717096043123673     
   6.60932416666667        5.10765958333333      -0.684965548717425     
   6.60932416666667        5.40799250000000      -0.661262365789085     
   6.60932416666667        5.70832541666667      -0.643890301747150     
   6.60932416666667        6.00865833333333      -0.631577153228636     
   6.60932416666667        6.30899125000000      -0.623361146086032     
   6.60932416666667        6.60932416666667      -0.618316445218129     
   6.60932416666667        6.90965708333333      -0.616336863756280     
   6.60932416666667        7.20999000000000      -0.609152234526199     
   6.90965708333333       2.000000000000000E-003  -1.31637167120162     
   6.90965708333333       0.302332916666667       -1.25687846728861     
   6.90965708333333       0.602665833333333       -1.19969860719482     
   6.90965708333333       0.902998750000000       -1.13880708106939     
   6.90965708333333        1.20333166666667       -1.07915806722566     
   6.90965708333333        1.50366458333333       -1.02734714487567     
   6.90965708333333        1.80399750000000      -0.984792911132591     
   6.90965708333333        2.10433041666667      -0.952418703410917     
   6.90965708333333        2.40466333333333      -0.932599306245959     
   6.90965708333333        2.70499625000000      -0.926813969005875     
   6.90965708333333        3.00532916666667      -0.929925176504704     
   6.90965708333333        3.30566208333333      -0.929459349684384     
   6.90965708333333        3.60599500000000      -0.910996249610732     
   6.90965708333333        3.90632791666667      -0.867689691121474     
   6.90965708333333        4.20666083333333      -0.812144422370407     
   6.90965708333333        4.50699375000000      -0.757362217524607     
   6.90965708333333        4.80732666666667      -0.711730603194357     
   6.90965708333333        5.10765958333333      -0.678000476686997     
   6.90965708333333        5.40799250000000      -0.654271558221491     
   6.90965708333333        5.70832541666667      -0.638115002490817     
   6.90965708333333        6.00865833333333      -0.628563082074981     
   6.90965708333333        6.30899125000000      -0.625234343458104     
   6.90965708333333        6.60932416666667      -0.626023494085589     
   6.90965708333333        6.90965708333333      -0.624959619910562     
   6.90965708333333        7.20999000000000      -0.620284539928428     
   7.20999000000000       2.000000000000000E-003  -1.23727711519499     
   7.20999000000000       0.302332916666667       -1.23843228765775     
   7.20999000000000       0.602665833333333       -1.18410532544167     
   7.20999000000000       0.902998750000000       -1.10448631101911     
   7.20999000000000        1.20333166666667       -1.03677573369958     
   7.20999000000000        1.50366458333333      -0.984046563032819     
   7.20999000000000        1.80399750000000      -0.943728611313703     
   7.20999000000000        2.10433041666667      -0.915123534840299     
   7.20999000000000        2.40466333333333      -0.899866467073769     
   7.20999000000000        2.70499625000000      -0.898426801696030     
   7.20999000000000        3.00532916666667      -0.904995316520230     
   7.20999000000000        3.30566208333333      -0.906436087809936     
   7.20999000000000        3.60599500000000      -0.901581465829627     
   7.20999000000000        3.90632791666667      -0.852716488179571     
   7.20999000000000        4.20666083333333      -0.799052716121741     
   7.20999000000000        4.50699375000000      -0.744854562970071     
   7.20999000000000        4.80732666666667      -0.699240929772778     
   7.20999000000000        5.10765958333333      -0.665654278939070     
   7.20999000000000        5.40799250000000      -0.642600513916374     
   7.20999000000000        5.70832541666667      -0.627643356101777     
   7.20999000000000        6.00865833333333      -0.620159836774339     
   7.20999000000000        6.30899125000000      -0.620846327317255     
   7.20999000000000        6.60932416666667      -0.628659093854997     
   7.20999000000000        6.90965708333333      -0.629625637473387     
   7.20999000000000        7.20999000000000      -0.614851797094274     
