  2.000000000000000E-003  2.000000000000000E-003 -0.736955234753370     
  2.000000000000000E-003  0.302332916666667      -0.754614565798032     
  2.000000000000000E-003  0.602665833333333      -0.739714569166990     
  2.000000000000000E-003  0.902998750000000      -0.705727062461881     
  2.000000000000000E-003   1.20333166666667      -0.681105228920245     
  2.000000000000000E-003   1.50366458333333      -0.669089052686398     
  2.000000000000000E-003   1.80399750000000      -0.668663132739385     
  2.000000000000000E-003   2.10433041666667      -0.680522229402410     
  2.000000000000000E-003   2.40466333333333      -0.708061241606569     
  2.000000000000000E-003   2.70499625000000      -0.752453469916786     
  2.000000000000000E-003   3.00532916666667      -0.805339220358165     
  2.000000000000000E-003   3.30566208333333      -0.847538897389738     
  2.000000000000000E-003   3.60599500000000      -0.875580550776195     
  2.000000000000000E-003   3.90632791666667      -0.847496013842527     
  2.000000000000000E-003   4.20666083333333      -0.805266472308168     
  2.000000000000000E-003   4.50699375000000      -0.752384788882212     
  2.000000000000000E-003   4.80732666666667      -0.708007339524051     
  2.000000000000000E-003   5.10765958333333      -0.680477754876914     
  2.000000000000000E-003   5.40799250000000      -0.668618294776525     
  2.000000000000000E-003   5.70832541666667      -0.669041978163503     
  2.000000000000000E-003   6.00865833333333      -0.681062548357066     
  2.000000000000000E-003   6.30899125000000      -0.705706210472414     
  2.000000000000000E-003   6.60932416666667      -0.739725290368376     
  2.000000000000000E-003   6.90965708333333      -0.754564817429340     
  2.000000000000000E-003   7.20999000000000      -0.736799257878629     
  0.302332916666667       2.000000000000000E-003 -0.754613532699757     
  0.302332916666667       0.302332916666667      -0.738444162621972     
  0.302332916666667       0.602665833333333      -0.728728300692372     
  0.302332916666667       0.902998750000000      -0.711818760555312     
  0.302332916666667        1.20333166666667      -0.695805612533459     
  0.302332916666667        1.50366458333333      -0.687183440600574     
  0.302332916666667        1.80399750000000      -0.687881594936923     
  0.302332916666667        2.10433041666667      -0.699622700111668     
  0.302332916666667        2.40466333333333      -0.725941747061084     
  0.302332916666667        2.70499625000000      -0.768524892277830     
  0.302332916666667        3.00532916666667      -0.819427443258377     
  0.302332916666667        3.30566208333333      -0.860961300870459     
  0.302332916666667        3.60599500000000      -0.876501968631631     
  0.302332916666667        3.90632791666667      -0.860766268853958     
  0.302332916666667        4.20666083333333      -0.819217340955718     
  0.302332916666667        4.50699375000000      -0.768373498590442     
  0.302332916666667        4.80732666666667      -0.725852493535899     
  0.302332916666667        5.10765958333333      -0.699573670053584     
  0.302332916666667        5.40799250000000      -0.687849172043571     
  0.302332916666667        5.70832541666667      -0.687155115348216     
  0.302332916666667        6.00865833333333      -0.695776859835429     
  0.302332916666667        6.30899125000000      -0.711795924109200     
  0.302332916666667        6.60932416666667      -0.728719674289332     
  0.302332916666667        6.90965708333333      -0.738413186232802     
  0.302332916666667        7.20999000000000      -0.754563241750191     
  0.602665833333333       2.000000000000000E-003 -0.739711459127748     
  0.602665833333333       0.302332916666667      -0.728726013575840     
  0.602665833333333       0.602665833333333      -0.713871649415719     
  0.602665833333333       0.902998750000000      -0.706918596119978     
  0.602665833333333        1.20333166666667      -0.700890821462191     
  0.602665833333333        1.50366458333333      -0.697687684552175     
  0.602665833333333        1.80399750000000      -0.700209532592261     
  0.602665833333333        2.10433041666667      -0.711036412408272     
  0.602665833333333        2.40466333333333      -0.733155832264324     
  0.602665833333333        2.70499625000000      -0.768860565077618     
  0.602665833333333        3.00532916666667      -0.811284097685547     
  0.602665833333333        3.30566208333333      -0.847142757818747     
  0.602665833333333        3.60599500000000      -0.861039059788041     
  0.602665833333333        3.90632791666667      -0.846965697122729     
  0.602665833333333        4.20666083333333      -0.811069540062197     
  0.602665833333333        4.50699375000000      -0.768698792897362     
  0.602665833333333        4.80732666666667      -0.733064777393381     
  0.602665833333333        5.10765958333333      -0.710994251699831     
  0.602665833333333        5.40799250000000      -0.700194267848793     
  0.602665833333333        5.70832541666667      -0.697680179127475     
  0.602665833333333        6.00865833333333      -0.700875974230107     
  0.602665833333333        6.30899125000000      -0.706889962313446     
  0.602665833333333        6.60932416666667      -0.713839071256581     
  0.602665833333333        6.90965708333333      -0.728716968469300     
  0.602665833333333        7.20999000000000      -0.739723177039611     
  0.902998750000000       2.000000000000000E-003 -0.705721640090741     
  0.902998750000000       0.302332916666667      -0.711813518013339     
  0.902998750000000       0.602665833333333      -0.706915062659364     
  0.902998750000000       0.902998750000000      -0.704334404426631     
  0.902998750000000        1.20333166666667      -0.703338825807113     
  0.902998750000000        1.50366458333333      -0.703828426981370     
  0.902998750000000        1.80399750000000      -0.707688805417795     
  0.902998750000000        2.10433041666667      -0.717236487232499     
  0.902998750000000        2.40466333333333      -0.734771755391146     
  0.902998750000000        2.70499625000000      -0.761032481519053     
  0.902998750000000        3.00532916666667      -0.792499887212832     
  0.902998750000000        3.30566208333333      -0.818657608376038     
  0.902998750000000        3.60599500000000      -0.828883969918527     
  0.902998750000000        3.90632791666667      -0.818545751017367     
  0.902998750000000        4.20666083333333      -0.792350964632044     
  0.902998750000000        4.50699375000000      -0.760914600179826     
  0.902998750000000        4.80732666666667      -0.734702294790304     
  0.902998750000000        5.10765958333333      -0.717209275905230     
  0.902998750000000        5.40799250000000      -0.707692978905697     
  0.902998750000000        5.70832541666667      -0.703843565245018     
  0.902998750000000        6.00865833333333      -0.703345112878638     
  0.902998750000000        6.30899125000000      -0.704320358992121     
  0.902998750000000        6.60932416666667      -0.706886545675730     
  0.902998750000000        6.90965708333333      -0.711791141342932     
  0.902998750000000        7.20999000000000      -0.705702111051754     
   1.20333166666667       2.000000000000000E-003 -0.681096610700472     
   1.20333166666667       0.302332916666667      -0.695796705367677     
   1.20333166666667       0.602665833333333      -0.700883240134306     
   1.20333166666667       0.902998750000000      -0.703334599204394     
   1.20333166666667        1.20333166666667      -0.705387158866554     
   1.20333166666667        1.50366458333333      -0.707931686572861     
   1.20333166666667        1.80399750000000      -0.712490791057789     
   1.20333166666667        2.10433041666667      -0.721189321756358     
   1.20333166666667        2.40466333333333      -0.735298066716999     
   1.20333166666667        2.70499625000000      -0.753986261640268     
   1.20333166666667        3.00532916666667      -0.774676547163983     
   1.20333166666667        3.30566208333333      -0.792051777955299     
   1.20333166666667        3.60599500000000      -0.798867406863727     
   1.20333166666667        3.90632791666667      -0.791992305213694     
   1.20333166666667        4.20666083333333      -0.774593461558380     
   1.20333166666667        4.50699375000000      -0.753914604434774     
   1.20333166666667        4.80732666666667      -0.735255283582277     
   1.20333166666667        5.10765958333333      -0.721179358127539     
   1.20333166666667        5.40799250000000      -0.712510071253022     
   1.20333166666667        5.70832541666667      -0.707964516006059     
   1.20333166666667        6.00865833333333      -0.705413457297612     
   1.20333166666667        6.30899125000000      -0.703340987565057     
   1.20333166666667        6.60932416666667      -0.700868691031404     
   1.20333166666667        6.90965708333333      -0.695768642857026     
   1.20333166666667        7.20999000000000      -0.681055059139305     
   1.50366458333333       2.000000000000000E-003 -0.669076744251201     
   1.50366458333333       0.302332916666667      -0.687170648045476     
   1.50366458333333       0.602665833333333      -0.697676335207816     
   1.50366458333333       0.902998750000000      -0.703820662561064     
   1.50366458333333        1.20333166666667      -0.707928403651221     
   1.50366458333333        1.50366458333333      -0.711617246491852     
   1.50366458333333        1.80399750000000      -0.716739511712255     
   1.50366458333333        2.10433041666667      -0.725222334814845     
   1.50366458333333        2.40466333333333      -0.737225909342360     
   1.50366458333333        2.70499625000000      -0.751684427932208     
   1.50366458333333        3.00532916666667      -0.766235514671185     
   1.50366458333333        3.30566208333333      -0.777377173465279     
   1.50366458333333        3.60599500000000      -0.781593232403441     
   1.50366458333333        3.90632791666667      -0.777346216204740     
   1.50366458333333        4.20666083333333      -0.766189672512611     
   1.50366458333333        4.50699375000000      -0.751644107374006     
   1.50366458333333        4.80732666666667      -0.737205311598835     
   1.50366458333333        5.10765958333333      -0.725226015271814     
   1.50366458333333        5.40799250000000      -0.716764108689306     
   1.50366458333333        5.70832541666667      -0.711654150161852     
   1.50366458333333        6.00865833333333      -0.707961204746836     
   1.50366458333333        6.30899125000000      -0.703835851362065     
   1.50366458333333        6.60932416666667      -0.697669064339000     
   1.50366458333333        6.90965708333333      -0.687142784520196     
   1.50366458333333        7.20999000000000      -0.669030375943086     
   1.80399750000000       2.000000000000000E-003 -0.668647096118157     
   1.80399750000000       0.302332916666667      -0.687865229476648     
   1.80399750000000       0.602665833333333      -0.700195447020035     
   1.80399750000000       0.902998750000000      -0.707679363411383     
   1.80399750000000        1.20333166666667      -0.712486799115281     
   1.80399750000000        1.50366458333333      -0.716739291362280     
   1.80399750000000        1.80399750000000      -0.722517818650197     
   1.80399750000000        2.10433041666667      -0.730762257338005     
   1.80399750000000        2.40466333333333      -0.741471587572095     
   1.80399750000000        2.70499625000000      -0.753644378079892     
   1.80399750000000        3.00532916666667      -0.765287102269491     
   1.80399750000000        3.30566208333333      -0.773817510519091     
   1.80399750000000        3.60599500000000      -0.776960879678224     
   1.80399750000000        3.90632791666667      -0.773800447394214     
   1.80399750000000        4.20666083333333      -0.765262086493404     
   1.80399750000000        4.50699375000000      -0.753624004623344     
   1.80399750000000        4.80732666666667      -0.741465169801968     
   1.80399750000000        5.10765958333333      -0.730771990394146     
   1.80399750000000        5.40799250000000      -0.722539037696601     
   1.80399750000000        5.70832541666667      -0.716763713639575     
   1.80399750000000        6.00865833333333      -0.712505844167853     
   1.80399750000000        6.30899125000000      -0.707683335530471     
   1.80399750000000        6.60932416666667      -0.700180069519971     
   1.80399750000000        6.90965708333333      -0.687832841799925     
   1.80399750000000        7.20999000000000      -0.668602480741769     
   2.10433041666667       2.000000000000000E-003 -0.680502452256847     
   2.10433041666667       0.302332916666667      -0.699603197989613     
   2.10433041666667       0.602665833333333      -0.711020812760877     
   2.10433041666667       0.902998750000000      -0.717227682484769     
   2.10433041666667        1.20333166666667      -0.721187480908428     
   2.10433041666667        1.50366458333333      -0.725224949242996     
   2.10433041666667        1.80399750000000      -0.730765397549204     
   2.10433041666667        2.10433041666667      -0.738437080561653     
   2.10433041666667        2.40466333333333      -0.748107990014951     
   2.10433041666667        2.70499625000000      -0.758820160296438     
   2.10433041666667        3.00532916666667      -0.768841240237972     
   2.10433041666667        3.30566208333333      -0.776056055682432     
   2.10433041666667        3.60599500000000      -0.778689641601910     
   2.10433041666667        3.90632791666667      -0.776046934630175     
   2.10433041666667        4.20666083333333      -0.768828385119135     
   2.10433041666667        4.50699375000000      -0.758810946524711     
   2.10433041666667        4.80732666666667      -0.748107284563360     
   2.10433041666667        5.10765958333333      -0.738444363945036     
   2.10433041666667        5.40799250000000      -0.730774869911718     
   2.10433041666667        5.70832541666667      -0.725228162653032     
   2.10433041666667        6.00865833333333      -0.721176909184041     
   2.10433041666667        6.30899125000000      -0.717199791947194     
   2.10433041666667        6.60932416666667      -0.710977973560305     
   2.10433041666667        6.90965708333333      -0.699553589661900     
   2.10433041666667        7.20999000000000      -0.680457620401194     
   2.40466333333333       2.000000000000000E-003 -0.708036908727502     
   2.40466333333333       0.302332916666667      -0.725918242101018     
   2.40466333333333       0.602665833333333      -0.733138315280266     
   2.40466333333333       0.902998750000000      -0.734763645527783     
   2.40466333333333        1.20333166666667      -0.735299273539313     
   2.40466333333333        1.50366458333333      -0.737233095817178     
   2.40466333333333        1.80399750000000      -0.741479908896899     
   2.40466333333333        2.10433041666667      -0.748113214841752     
   2.40466333333333        2.40466333333333      -0.756671308807645     
   2.40466333333333        2.70499625000000      -0.766136372806489     
   2.40466333333333        3.00532916666667      -0.774936255398861     
   2.40466333333333        3.30566208333333      -0.781237888294325     
   2.40466333333333        3.60599500000000      -0.783532355518471     
   2.40466333333333        3.90632791666667      -0.781233307218287     
   2.40466333333333        4.20666083333333      -0.774929919235379     
   2.40466333333333        4.50699375000000      -0.766131800282592     
   2.40466333333333        4.80732666666667      -0.756669847663429     
   2.40466333333333        5.10765958333333      -0.748112223189117     
   2.40466333333333        5.40799250000000      -0.741472932051785     
   2.40466333333333        5.70832541666667      -0.737211685386486     
   2.40466333333333        6.00865833333333      -0.735255429469583     
   2.40466333333333        6.30899125000000      -0.734692878318554     
   2.40466333333333        6.60932416666667      -0.733045768500149     
   2.40466333333333        6.90965708333333      -0.725827519472999     
   2.40466333333333        7.20999000000000      -0.707981918234327     
   2.70499625000000       2.000000000000000E-003 -0.752422414340452     
   2.70499625000000       0.302332916666667      -0.768493898719342     
   2.70499625000000       0.602665833333333      -0.768836989252819     
   2.70499625000000       0.902998750000000      -0.761022591567334     
   2.70499625000000        1.20333166666667      -0.753989807824564     
   2.70499625000000        1.50366458333333      -0.751696311138187     
   2.70499625000000        1.80399750000000      -0.753658173873406     
   2.70499625000000        2.10433041666667      -0.758830721845576     
   2.70499625000000        2.40466333333333      -0.766141394462318     
   2.70499625000000        2.70499625000000      -0.774383122254225     
   2.70499625000000        3.00532916666667      -0.782068648872649     
   2.70499625000000        3.30566208333333      -0.787571891490144     
   2.70499625000000        3.60599500000000      -0.789575719652629     
   2.70499625000000        3.90632791666667      -0.787569651903282     
   2.70499625000000        4.20666083333333      -0.782065245737981     
   2.70499625000000        4.50699375000000      -0.774379459401740     
   2.70499625000000        4.80732666666667      -0.766136553919440     
   2.70499625000000        5.10765958333333      -0.758820957201992     
   2.70499625000000        5.40799250000000      -0.753636964102732     
   2.70499625000000        5.70832541666667      -0.751654842049172     
   2.70499625000000        6.00865833333333      -0.753916606084514     
   2.70499625000000        6.30899125000000      -0.760902636349508     
   2.70499625000000        6.60932416666667      -0.768672848427072     
   2.70499625000000        6.90965708333333      -0.768340174793908     
   2.70499625000000        7.20999000000000      -0.752351977671262     
   3.00532916666667       2.000000000000000E-003 -0.805298655550986     
   3.00532916666667       0.302332916666667      -0.819384149744612     
   3.00532916666667       0.602665833333333      -0.811248878874519     
   3.00532916666667       0.902998750000000      -0.792484020169759     
   3.00532916666667        1.20333166666667      -0.774680373334165     
   3.00532916666667        1.50366458333333      -0.766250870845681     
   3.00532916666667        1.80399750000000      -0.765305243497707     
   3.00532916666667        2.10433041666667      -0.768855832760109     
   3.00532916666667        2.40466333333333      -0.774944682494391     
   3.00532916666667        2.70499625000000      -0.782071669785154     
   3.00532916666667        3.00532916666667      -0.788775309901634     
   3.00532916666667        3.30566208333333      -0.793586493348062     
   3.00532916666667        3.60599500000000      -0.795339926504231     
   3.00532916666667        3.90632791666667      -0.793585341523457     
   3.00532916666667        4.20666083333333      -0.788773123389134     
   3.00532916666667        4.50699375000000      -0.782068044591942     
   3.00532916666667        4.80732666666667      -0.774937870300805     
   3.00532916666667        5.10765958333333      -0.768842234563309     
   3.00532916666667        5.40799250000000      -0.765279196095865     
   3.00532916666667        5.70832541666667      -0.766203627444487     
   3.00532916666667        6.00865833333333      -0.774595306455283     
   3.00532916666667        6.30899125000000      -0.792332486582131     
   3.00532916666667        6.60932416666667      -0.811031391398017     
   3.00532916666667        6.90965708333333      -0.819171419508272     
   3.00532916666667        7.20999000000000      -0.805223852501591     
   3.30566208333333       2.000000000000000E-003 -0.847488180049975     
   3.30566208333333       0.302332916666667      -0.860901896878262     
   3.30566208333333       0.602665833333333      -0.847092030692709     
   3.30566208333333       0.902998750000000      -0.818633486063404     
   3.30566208333333        1.20333166666667      -0.792053946035763     
   3.30566208333333        1.50366458333333      -0.777394296612530     
   3.30566208333333        1.80399750000000      -0.773838222109113     
   3.30566208333333        2.10433041666667      -0.776072910234025     
   3.30566208333333        2.40466333333333      -0.781247953589287     
   3.30566208333333        2.70499625000000      -0.787576067694760     
   3.30566208333333        3.00532916666667      -0.793587453672207     
   3.30566208333333        3.30566208333333      -0.797913647605487     
   3.30566208333333        3.60599500000000      -0.799491897331610     
   3.30566208333333        3.90632791666667      -0.797913061694030     
   3.30566208333333        4.20666083333333      -0.793586130374432     
   3.30566208333333        4.50699375000000      -0.787573453682218     
   3.30566208333333        4.80732666666667      -0.781242775889880     
   3.30566208333333        5.10765958333333      -0.776062958386416     
   3.30566208333333        5.40799250000000      -0.773820057891869     
   3.30566208333333        5.70832541666667      -0.777361846630664     
   3.30566208333333        6.00865833333333      -0.791992282167601     
   3.30566208333333        6.30899125000000      -0.818518885553972     
   3.30566208333333        6.60932416666667      -0.846911932928257     
   3.30566208333333        6.90965708333333      -0.860704287728177     
   3.30566208333333        7.20999000000000      -0.847443765867692     
   3.60599500000000       2.000000000000000E-003 -0.875530289994753     
   3.60599500000000       0.302332916666667      -0.876433481036833     
   3.60599500000000       0.602665833333333      -0.860980061838581     
   3.60599500000000       0.902998750000000      -0.828855663555436     
   3.60599500000000        1.20333166666667      -0.798868457318672     
   3.60599500000000        1.50366458333333      -0.781610795103247     
   3.60599500000000        1.80399750000000      -0.776982380955703     
   3.60599500000000        2.10433041666667      -0.778707164515935     
   3.60599500000000        2.40466333333333      -0.783542834213885     
   3.60599500000000        2.70499625000000      -0.789580099779300     
   3.60599500000000        3.00532916666667      -0.795340987592953     
   3.60599500000000        3.30566208333333      -0.799491974486168     
   3.60599500000000        3.60599500000000      -0.801007018043912     
   3.60599500000000        3.90632791666667      -0.799491833660817     
   3.60599500000000        4.20666083333333      -0.795340694254833     
   3.60599500000000        4.50699375000000      -0.789579639859340     
   3.60599500000000        4.80732666666667      -0.783542199248456     
   3.60599500000000        5.10765958333333      -0.778706345257878     
   3.60599500000000        5.40799250000000      -0.776981339545770     
   3.60599500000000        5.70832541666667      -0.781609412314017     
   3.60599500000000        6.00865833333333      -0.798866545556898     
   3.60599500000000        6.30899125000000      -0.828853369909831     
   3.60599500000000        6.60932416666667      -0.860977771250817     
   3.60599500000000        6.90965708333333      -0.876431951764080     
   3.60599500000000        7.20999000000000      -0.875529679311587     
   3.90632791666667       2.000000000000000E-003 -0.847445071524803     
   3.90632791666667       0.302332916666667      -0.860706692297801     
   3.90632791666667       0.602665833333333      -0.846914876191280     
   3.90632791666667       0.902998750000000      -0.818521561945784     
   3.90632791666667        1.20333166666667      -0.791994384189351     
   3.90632791666667        1.50366458333333      -0.777363241849468     
   3.90632791666667        1.80399750000000      -0.773821065493407     
   3.90632791666667        2.10433041666667      -0.776063707192135     
   3.90632791666667        2.40466333333333      -0.781243307231670     
   3.90632791666667        2.70499625000000      -0.787573780910392     
   3.90632791666667        3.00532916666667      -0.793586269313874     
   3.90632791666667        3.30566208333333      -0.797913036975912     
   3.90632791666667        3.60599500000000      -0.799491732953844     
   3.90632791666667        3.90632791666667      -0.797913355761535     
   3.90632791666667        4.20666083333333      -0.793587033111235     
   3.90632791666667        4.50699375000000      -0.787575512120215     
   3.90632791666667        4.80732666666667      -0.781247260194865     
   3.90632791666667        5.10765958333333      -0.776072076654226     
   3.90632791666667        5.40799250000000      -0.773837227609763     
   3.90632791666667        5.70832541666667      -0.777393072542208     
   3.90632791666667        6.00865833333333      -0.792052350858268     
   3.90632791666667        6.30899125000000      -0.818631769391290     
   3.90632791666667        6.60932416666667      -0.847090544409890     
   3.90632791666667        6.90965708333333      -0.860901165381251     
   3.90632791666667        7.20999000000000      -0.847488452361283     
   4.20666083333333       2.000000000000000E-003 -0.805225535838753     
   4.20666083333333       0.302332916666667      -0.819173751153648     
   4.20666083333333       0.602665833333333      -0.811034134709126     
   4.20666083333333       0.902998750000000      -0.792334943175467     
   4.20666083333333        1.20333166666667      -0.774597113268986     
   4.20666083333333        1.50366458333333      -0.766204854144316     
   4.20666083333333        1.80399750000000      -0.765280067115785     
   4.20666083333333        2.10433041666667      -0.768842841514643     
   4.20666083333333        2.40466333333333      -0.774938241417231     
   4.20666083333333        2.70499625000000      -0.782068192725610     
   4.20666083333333        3.00532916666667      -0.788773071941982     
   4.20666083333333        3.30566208333333      -0.793585127233121     
   4.20666083333333        3.60599500000000      -0.795339586652859     
   4.20666083333333        3.90632791666667      -0.793586051773887     
   4.20666083333333        4.20666083333333      -0.788774773543747     
   4.20666083333333        4.50699375000000      -0.782071036772705     
   4.20666083333333        4.80732666666667      -0.774943952534206     
   4.20666083333333        5.10765958333333      -0.768855009096914     
   4.20666083333333        5.40799250000000      -0.765304324319680     
   4.20666083333333        5.70832541666667      -0.766249840895124     
   4.20666083333333        6.00865833333333      -0.774679219985397     
   4.20666083333333        6.30899125000000      -0.792482923034431     
   4.20666083333333        6.60932416666667      -0.811248185958390     
   4.20666083333333        6.90965708333333      -0.819384105151109     
   4.20666083333333        7.20999000000000      -0.805299590118969     
   4.50699375000000       2.000000000000000E-003 -0.752353380248815     
   4.50699375000000       0.302332916666667      -0.768342189677489     
   4.50699375000000       0.602665833333333      -0.768674964244248     
   4.50699375000000       0.902998750000000      -0.760904470523073     
   4.50699375000000        1.20333166666667      -0.753917916637706     
   4.50699375000000        1.50366458333333      -0.751655775148662     
   4.50699375000000        1.80399750000000      -0.753637614713481     
   4.50699375000000        2.10433041666667      -0.758821360992900     
   4.50699375000000        2.40466333333333      -0.766136716781522     
   4.50699375000000        2.70499625000000      -0.774379390177142     
   4.50699375000000        3.00532916666667      -0.782064974528086     
   4.50699375000000        3.30566208333333      -0.787569227526003     
   4.50699375000000        3.60599500000000      -0.789575192490179     
   4.50699375000000        3.90632791666667      -0.787571296017094     
   4.50699375000000        4.20666083333333      -0.782067998014611     
   4.50699375000000        4.50699375000000      -0.774382415236462     
   4.50699375000000        4.80732666666667      -0.766140629447568     
   4.50699375000000        5.10765958333333      -0.758829902843397     
   4.50699375000000        5.40799250000000      -0.753657309652089     
   4.50699375000000        5.70832541666667      -0.751695416191646     
   4.50699375000000        6.00865833333333      -0.753988924420689     
   4.50699375000000        6.30899125000000      -0.761021852783997     
   4.50699375000000        6.60932416666667      -0.768836664777719     
   4.50699375000000        6.90965708333333      -0.768494220948516     
   4.50699375000000        7.20999000000000      -0.752423424702334     
   4.80732666666667       2.000000000000000E-003 -0.707982703790847     
   4.80732666666667       0.302332916666667      -0.725828682517172     
   4.80732666666667       0.602665833333333      -0.733046962795489     
   4.80732666666667       0.902998750000000      -0.734693903655146     
   4.80732666666667        1.20333166666667      -0.735256235007037     
   4.80732666666667        1.50366458333333      -0.737212279742070     
   4.80732666666667        1.80399750000000      -0.741473319845066     
   4.80732666666667        2.10433041666667      -0.748112390312559     
   4.80732666666667        2.40466333333333      -0.756669777245259     
   4.80732666666667        2.70499625000000      -0.766131495716494     
   4.80732666666667        3.00532916666667      -0.774929415915439     
   4.80732666666667        3.30566208333333      -0.781232665116362     
   4.80732666666667        3.60599500000000      -0.783531637677067     
   4.80732666666667        3.90632791666667      -0.781237139175596     
   4.80732666666667        4.20666083333333      -0.774935492167743     
   4.80732666666667        4.50699375000000      -0.766135592558753     
   4.80732666666667        4.80732666666667      -0.756670503498639     
   4.80732666666667        5.10765958333333      -0.748112382617288     
   4.80732666666667        5.40799250000000      -0.741479057760527     
   4.80732666666667        5.70832541666667      -0.737232246322093     
   4.80732666666667        6.00865833333333      -0.735298471861907     
   4.80732666666667        6.30899125000000      -0.734762989470531     
   4.80732666666667        6.60932416666667      -0.733137968163421     
   4.80732666666667        6.90965708333333      -0.725918372414149     
   4.80732666666667        7.20999000000000      -0.708037521102600     
   5.10765958333333       2.000000000000000E-003 -0.680457653212996     
   5.10765958333333       0.302332916666667      -0.699553853714618     
   5.10765958333333       0.602665833333333      -0.710978357321428     
   5.10765958333333       0.902998750000000      -0.717200193239335     
   5.10765958333333        1.20333166666667      -0.721177269331563     
   5.10765958333333        1.50366458333333      -0.725228430085801     
   5.10765958333333        1.80399750000000      -0.730774992589598     
   5.10765958333333        2.10433041666667      -0.738444290056960     
   5.10765958333333        2.40466333333333      -0.748106977703333     
   5.10765958333333        2.70499625000000      -0.758810404053213     
   5.10765958333333        3.00532916666667      -0.768827646414293     
   5.10765958333333        3.30566208333333      -0.776046071313418     
   5.10765958333333        3.60599500000000      -0.778688732044705     
   5.10765958333333        3.90632791666667      -0.776055156736507     
   5.10765958333333        4.20666083333333      -0.768840372696911     
   5.10765958333333        4.50699375000000      -0.758819315068371     
   5.10765958333333        4.80732666666667      -0.748107146544513     
   5.10765958333333        5.10765958333333      -0.738436223121727     
   5.10765958333333        5.40799250000000      -0.730764522543728     
   5.10765958333333        5.70832541666667      -0.725224067866150     
   5.10765958333333        6.00865833333333      -0.721186625686085     
   5.10765958333333        6.30899125000000      -0.717226918828370     
   5.10765958333333        6.60932416666667      -0.711020254756203     
   5.10765958333333        6.90965708333333      -0.699602941016078     
   5.10765958333333        7.20999000000000      -0.680502542439715     
   5.40799250000000       2.000000000000000E-003 -0.668601918239560     
   5.40799250000000       0.302332916666667      -0.687832499574879     
   5.40799250000000       0.602665833333333      -0.700179905306618     
   5.40799250000000       0.902998750000000      -0.707683278223242     
   5.40799250000000        1.20333166666667      -0.712505840391782     
   5.40799250000000        1.50366458333333      -0.716763698366904     
   5.40799250000000        1.80399750000000      -0.722538921239949     
   5.40799250000000        2.10433041666667      -0.730771689434798     
   5.40799250000000        2.40466333333333      -0.741464629641024     
   5.40799250000000        2.70499625000000      -0.753623214042958     
   5.40799250000000        3.00532916666667      -0.765261087503597     
   5.40799250000000        3.30566208333333      -0.773799329479646     
   5.40799250000000        3.60599500000000      -0.776959750498762     
   5.40799250000000        3.90632791666667      -0.773816451483675     
   5.40799250000000        4.20666083333333      -0.765286139001750     
   5.40799250000000        4.50699375000000      -0.753643486806292     
   5.40799250000000        4.80732666666667      -0.741470723713340     
   5.40799250000000        5.10765958333333      -0.730761380115716     
   5.40799250000000        5.40799250000000      -0.722516901309406     
   5.40799250000000        5.70832541666667      -0.716738323168263     
   5.40799250000000        6.00865833333333      -0.712485818564164     
   5.40799250000000        6.30899125000000      -0.707678438962406     
   5.40799250000000        6.60932416666667      -0.700194679049295     
   5.40799250000000        6.90965708333333      -0.687864676673550     
   5.40799250000000        7.20999000000000      -0.668646812197819     
   5.70832541666667       2.000000000000000E-003 -0.669029404453895     
   5.70832541666667       0.302332916666667      -0.687142105752133     
   5.70832541666667       0.602665833333333      -0.697668620800215     
   5.70832541666667       0.902998750000000      -0.703835571888302     
   5.70832541666667        1.20333166666667      -0.707960990022018     
   5.70832541666667        1.50366458333333      -0.711653931408372     
   5.70832541666667        1.80399750000000      -0.716763799913670     
   5.70832541666667        2.10433041666667      -0.725225508467173     
   5.70832541666667        2.40466333333333      -0.737204529581012     
   5.70832541666667        2.70499625000000      -0.751643019930038     
   5.70832541666667        3.00532916666667      -0.766188317522961     
   5.70832541666667        3.30566208333333      -0.777344717961086     
   5.70832541666667        3.60599500000000      -0.781591773475270     
   5.70832541666667        3.90632791666667      -0.777375899625781     
   5.70832541666667        4.20666083333333      -0.766234457069172     
   5.70832541666667        4.50699375000000      -0.751683522747293     
   5.70832541666667        4.80732666666667      -0.737225063392140     
   5.70832541666667        5.10765958333333      -0.725221465862185     
   5.70832541666667        5.40799250000000      -0.716738556106852     
   5.70832541666667        5.70832541666667      -0.711616193652980     
   5.70832541666667        6.00865833333333      -0.707927322961468     
   5.70832541666667        6.30899125000000      -0.703819632526619     
   5.70832541666667        6.60932416666667      -0.697675319926381     
   5.70832541666667        6.90965708333333      -0.687169779546120     
   5.70832541666667        7.20999000000000      -0.669076130746476     
   6.00865833333333       2.000000000000000E-003 -0.681053782640783     
   6.00865833333333       0.302332916666667      -0.695767869273366     
   6.00865833333333       0.602665833333333      -0.700868271615728     
   6.00865833333333       0.902998750000000      -0.703340677737897     
   6.00865833333333        1.20333166666667      -0.705413186754254     
   6.00865833333333        1.50366458333333      -0.707964215638563     
   6.00865833333333        1.80399750000000      -0.712509637600292     
   6.00865833333333        2.10433041666667      -0.721178674214109     
   6.00865833333333        2.40466333333333      -0.735254235847470     
   6.00865833333333        2.70499625000000      -0.753913111843617     
   6.00865833333333        3.00532916666667      -0.774591518675540     
   6.00865833333333        3.30566208333333      -0.791990104857579     
   6.00865833333333        3.60599500000000      -0.798865435789365     
   6.00865833333333        3.90632791666667      -0.792050164347116     
   6.00865833333333        4.20666083333333      -0.774675403864754     
   6.00865833333333        4.50699375000000      -0.753985406201234     
   6.00865833333333        4.80732666666667      -0.735297306820438     
   6.00865833333333        5.10765958333333      -0.721188515956928     
   6.00865833333333        5.40799250000000      -0.712489855841235     
   6.00865833333333        5.70832541666667      -0.707930630955104     
   6.00865833333333        6.00865833333333      -0.705386042058930     
   6.00865833333333        6.30899125000000      -0.703333441114381     
   6.00865833333333        6.60932416666667      -0.700882009814274     
   6.00865833333333        6.90965708333333      -0.695795361857656     
   6.00865833333333        7.20999000000000      -0.681095594066679     
   6.30899125000000       2.000000000000000E-003 -0.705700655437913     
   6.30899125000000       0.302332916666667      -0.711790664790009     
   6.30899125000000       0.602665833333333      -0.706886341123662     
   6.30899125000000       0.902998750000000      -0.704320121150469     
   6.30899125000000        1.20333166666667      -0.703344877795512     
   6.30899125000000        1.50366458333333      -0.703843268689956     
   6.30899125000000        1.80399750000000      -0.707692506046899     
   6.30899125000000        2.10433041666667      -0.717208465099900     
   6.30899125000000        2.40466333333333      -0.734700969456977     
   6.30899125000000        2.70499625000000      -0.760912555497212     
   6.30899125000000        3.00532916666667      -0.792348354056570     
   6.30899125000000        3.30566208333333      -0.818542992386664     
   6.30899125000000        3.60599500000000      -0.828881667858912     
   6.30899125000000        3.90632791666667      -0.818655920224045     
   6.30899125000000        4.20666083333333      -0.792498839765420     
   6.30899125000000        4.50699375000000      -0.761031823746868     
   6.30899125000000        4.80732666666667      -0.734771194642933     
   6.30899125000000        5.10765958333333      -0.717235830060505     
   6.30899125000000        5.40799250000000      -0.707687977795663     
   6.30899125000000        5.70832541666667      -0.703827451479837     
   6.30899125000000        6.00865833333333      -0.703337675048045     
   6.30899125000000        6.30899125000000      -0.704333124998669     
   6.30899125000000        6.60932416666667      -0.706913546496825     
   6.30899125000000        6.90965708333333      -0.711811585111881     
   6.30899125000000        7.20999000000000      -0.705720165733616     
   6.60932416666667       2.000000000000000E-003 -0.739721889719234     
   6.60932416666667       0.302332916666667      -0.728717349442381     
   6.60932416666667       0.602665833333333      -0.713838972049326     
   6.60932416666667       0.902998750000000      -0.706889797712296     
   6.60932416666667        1.20333166666667      -0.700875872530800     
   6.60932416666667        1.50366458333333      -0.697680000798864     
   6.60932416666667        1.80399750000000      -0.700193826938720     
   6.60932416666667        2.10433041666667      -0.710993394966540     
   6.60932416666667        2.40466333333333      -0.733063241231264     
   6.60932416666667        2.70499625000000      -0.768696423169096     
   6.60932416666667        3.00532916666667      -0.811066636785490     
   6.60932416666667        3.30566208333333      -0.846962763527295     
   6.60932416666667        3.60599500000000      -0.861036922817518     
   6.60932416666667        3.90632791666667      -0.847141470411140     
   6.60932416666667        4.20666083333333      -0.811283535468629     
   6.60932416666667        4.50699375000000      -0.768860342473083     
   6.60932416666667        4.80732666666667      -0.733155626252484     
   6.60932416666667        5.10765958333333      -0.711036024722183     
   6.60932416666667        5.40799250000000      -0.700208920768960     
   6.60932416666667        5.70832541666667      -0.697686752864927     
   6.60932416666667        6.00865833333333      -0.700889582711380     
   6.60932416666667        6.30899125000000      -0.706917028405899     
   6.60932416666667        6.60932416666667      -0.713869950288853     
   6.60932416666667        6.90965708333333      -0.728723731223773     
   6.60932416666667        7.20999000000000      -0.739709687839206     
   6.90965708333333       2.000000000000000E-003 -0.754563637593444     
   6.90965708333333       0.302332916666667      -0.738413283472219     
   6.90965708333333       0.602665833333333      -0.728719297898370     
   6.90965708333333       0.902998750000000      -0.711796186232292     
   6.90965708333333        1.20333166666667      -0.695777176535887     
   6.90965708333333        1.50366458333333      -0.687155159914508     
   6.90965708333333        1.80399750000000      -0.687848862663350     
   6.90965708333333        2.10433041666667      -0.699572896507140     
   6.90965708333333        2.40466333333333      -0.725850967494608     
   6.90965708333333        2.70499625000000      -0.768371179888257     
   6.90965708333333        3.00532916666667      -0.819214858271039     
   6.90965708333333        3.30566208333333      -0.860763940157684     
   6.90965708333333        3.60599500000000      -0.876500669816724     
   6.90965708333333        3.90632791666667      -0.860960912456082     
   6.90965708333333        4.20666083333333      -0.819427627187190     
   6.90965708333333        4.50699375000000      -0.768525317497091     
   6.90965708333333        4.80732666666667      -0.725942022630834     
   6.90965708333333        5.10765958333333      -0.699622657946209     
   6.90965708333333        5.40799250000000      -0.687881252684229     
   6.90965708333333        5.70832541666667      -0.687182690204583     
   6.90965708333333        6.00865833333333      -0.695804249975509     
   6.90965708333333        6.30899125000000      -0.711816709714263     
   6.90965708333333        6.60932416666667      -0.728725920782326     
   6.90965708333333        6.90965708333333      -0.738442226272878     
   6.90965708333333        7.20999000000000      -0.754613338734766     
   7.20999000000000       2.000000000000000E-003 -0.736799398136255     
   7.20999000000000       0.302332916666667      -0.754564723246082     
   7.20999000000000       0.602665833333333      -0.739726729176406     
   7.20999000000000       0.902998750000000      -0.705707578542523     
   7.20999000000000        1.20333166666667      -0.681063440718564     
   7.20999000000000        1.50366458333333      -0.669042340005025     
   7.20999000000000        1.80399750000000      -0.668618205718918     
   7.20999000000000        2.10433041666667      -0.680477206517066     
   7.20999000000000        2.40466333333333      -0.708006175760586     
   7.20999000000000        2.70499625000000      -0.752383052213353     
   7.20999000000000        3.00532916666667      -0.805264604575028     
   7.20999000000000        3.30566208333333      -0.847494736231041     
   7.20999000000000        3.60599500000000      -0.875580110495054     
   7.20999000000000        3.90632791666667      -0.847539409192530     
   7.20999000000000        4.20666083333333      -0.805340305392515     
   7.20999000000000        4.50699375000000      -0.752454520442831     
   7.20999000000000        4.80732666666667      -0.708061954194850     
   7.20999000000000        5.10765958333333      -0.680522542638468     
   7.20999000000000        5.40799250000000      -0.668663093941283     
   7.20999000000000        5.70832541666667      -0.669088603002806     
   7.20999000000000        6.00865833333333      -0.681104229593794     
   7.20999000000000        6.30899125000000      -0.705725469998576     
   7.20999000000000        6.60932416666667      -0.739712642650201     
   7.20999000000000        6.90965708333333      -0.754614266204074     
   7.20999000000000        7.20999000000000      -0.736955206082307     
