  2.000000000000000E-003  2.000000000000000E-003  -1.30052990650606     
  2.000000000000000E-003  0.302332916666667       -1.33501943812666     
  2.000000000000000E-003  0.602665833333333       -1.30073984291888     
  2.000000000000000E-003  0.902998750000000       -1.22200666913421     
  2.000000000000000E-003   1.20333166666667       -1.15742569880343     
  2.000000000000000E-003   1.50366458333333       -1.11192024636450     
  2.000000000000000E-003   1.80399750000000       -1.08166727890740     
  2.000000000000000E-003   2.10433041666667       -1.06656074102810     
  2.000000000000000E-003   2.40466333333333       -1.07137643813449     
  2.000000000000000E-003   2.70499625000000       -1.09695781990446     
  2.000000000000000E-003   3.00532916666667       -1.13156641697794     
  2.000000000000000E-003   3.30566208333333       -1.15327643322568     
  2.000000000000000E-003   3.60599500000000       -1.15422389161909     
  2.000000000000000E-003   3.90632791666667       -1.08488623927753     
  2.000000000000000E-003   4.20666083333333      -0.997890246029954     
  2.000000000000000E-003   4.50699375000000      -0.900229385632377     
  2.000000000000000E-003   4.80732666666667      -0.816929141396660     
  2.000000000000000E-003   5.10765958333333      -0.757435018756934     
  2.000000000000000E-003   5.40799250000000      -0.720043742817644     
  2.000000000000000E-003   5.70832541666667      -0.699913048038677     
  2.000000000000000E-003   6.00865833333333      -0.695240078511486     
  2.000000000000000E-003   6.30899125000000      -0.705853351300444     
  2.000000000000000E-003   6.60932416666667      -0.727044993262698     
  2.000000000000000E-003   6.90965708333333      -0.728965430961403     
  2.000000000000000E-003   7.20999000000000      -0.701934353567732     
  0.302332916666667       2.000000000000000E-003  -1.33501269408463     
  0.302332916666667       0.302332916666667       -1.27767331685840     
  0.302332916666667       0.602665833333333       -1.26505350291792     
  0.302332916666667       0.902998750000000       -1.23653224020239     
  0.302332916666667        1.20333166666667       -1.19605389049464     
  0.302332916666667        1.50366458333333       -1.15859431418266     
  0.302332916666667        1.80399750000000       -1.12918200306252     
  0.302332916666667        2.10433041666667       -1.11075666908667     
  0.302332916666667        2.40466333333333       -1.11033489751454     
  0.302332916666667        2.70499625000000       -1.12972135132366     
  0.302332916666667        3.00532916666667       -1.15489692512386     
  0.302332916666667        3.30566208333333       -1.16729880329760     
  0.302332916666667        3.60599500000000       -1.15052519219049     
  0.302332916666667        3.90632791666667       -1.09324939628444     
  0.302332916666667        4.20666083333333       -1.00404314051005     
  0.302332916666667        4.50699375000000      -0.907463480897354     
  0.302332916666667        4.80732666666667      -0.825735728739136     
  0.302332916666667        5.10765958333333      -0.767342945495195     
  0.302332916666667        5.40799250000000      -0.729663085885953     
  0.302332916666667        5.70832541666667      -0.707894453462260     
  0.302332916666667        6.00865833333333      -0.699449850289775     
  0.302332916666667        6.30899125000000      -0.701920524213551     
  0.302332916666667        6.60932416666667      -0.708313720349818     
  0.302332916666667        6.90965708333333      -0.707237785063300     
  0.302332916666667        7.20999000000000      -0.708145845224810     
  0.602665833333333       2.000000000000000E-003  -1.30072813386576     
  0.602665833333333       0.302332916666667       -1.26504670561516     
  0.602665833333333       0.602665833333333       -1.23707910138191     
  0.602665833333333       0.902998750000000       -1.23023705934820     
  0.602665833333333        1.20333166666667       -1.21320427852547     
  0.602665833333333        1.50366458333333       -1.18794565746801     
  0.602665833333333        1.80399750000000       -1.16140599820691     
  0.602665833333333        2.10433041666667       -1.13937740194533     
  0.602665833333333        2.40466333333333       -1.12941598151289     
  0.602665833333333        2.70499625000000       -1.13710288082838     
  0.602665833333333        3.00532916666667       -1.14687429704034     
  0.602665833333333        3.30566208333333       -1.14490348571241     
  0.602665833333333        3.60599500000000       -1.11688058520786     
  0.602665833333333        3.90632791666667       -1.05713340708802     
  0.602665833333333        4.20666083333333      -0.974406148515229     
  0.602665833333333        4.50699375000000      -0.889191760909913     
  0.602665833333333        4.80732666666667      -0.817380864983012     
  0.602665833333333        5.10765958333333      -0.765358159274391     
  0.602665833333333        5.40799250000000      -0.729708259670057     
  0.602665833333333        5.70832541666667      -0.706807660454292     
  0.602665833333333        6.00865833333333      -0.693612673874486     
  0.602665833333333        6.30899125000000      -0.686935741419062     
  0.602665833333333        6.60932416666667      -0.683851566106138     
  0.602665833333333        6.90965708333333      -0.687026666472247     
  0.602665833333333        7.20999000000000      -0.685216313753438     
  0.902998750000000       2.000000000000000E-003  -1.22199466076825     
  0.902998750000000       0.302332916666667       -1.23652230999057     
  0.902998750000000       0.602665833333333       -1.23023143861580     
  0.902998750000000       0.902998750000000       -1.22835780384077     
  0.902998750000000        1.20333166666667       -1.22043192322770     
  0.902998750000000        1.50366458333333       -1.20241906045930     
  0.902998750000000        1.80399750000000       -1.17763986768441     
  0.902998750000000        2.10433041666667       -1.15124908706047     
  0.902998750000000        2.40466333333333       -1.13293279558317     
  0.902998750000000        2.70499625000000       -1.12347238738627     
  0.902998750000000        3.00532916666667       -1.11548749983843     
  0.902998750000000        3.30566208333333       -1.09609211693994     
  0.902998750000000        3.60599500000000       -1.05743513984505     
  0.902998750000000        3.90632791666667      -0.998491545732132     
  0.902998750000000        4.20666083333333      -0.927356180514176     
  0.902998750000000        4.50699375000000      -0.857200489183413     
  0.902998750000000        4.80732666666667      -0.799000422417874     
  0.902998750000000        5.10765958333333      -0.754771833354504     
  0.902998750000000        5.40799250000000      -0.722508702863768     
  0.902998750000000        5.70832541666667      -0.699883810021494     
  0.902998750000000        6.00865833333333      -0.684296166400724     
  0.902998750000000        6.30899125000000      -0.673477602516840     
  0.902998750000000        6.60932416666667      -0.666416173518986     
  0.902998750000000        6.90965708333333      -0.661976769616979     
  0.902998750000000        7.20999000000000      -0.648628959813616     
   1.20333166666667       2.000000000000000E-003  -1.15740990836782     
   1.20333166666667       0.302332916666667       -1.19603960943888     
   1.20333166666667       0.602665833333333       -1.21319347436204     
   1.20333166666667       0.902998750000000       -1.22042640953335     
   1.20333166666667        1.20333166666667       -1.21727243508274     
   1.20333166666667        1.50366458333333       -1.20230600452301     
   1.20333166666667        1.80399750000000       -1.17724470545993     
   1.20333166666667        2.10433041666667       -1.14922911887120     
   1.20333166666667        2.40466333333333       -1.12480379903758     
   1.20333166666667        2.70499625000000       -1.10046447630375     
   1.20333166666667        3.00532916666667       -1.07352866168562     
   1.20333166666667        3.30566208333333       -1.04005370084918     
   1.20333166666667        3.60599500000000      -0.995036587217818     
   1.20333166666667        3.90632791666667      -0.939356760192646     
   1.20333166666667        4.20666083333333      -0.879482391413789     
   1.20333166666667        4.50699375000000      -0.823839054932963     
   1.20333166666667        4.80732666666667      -0.776814792985122     
   1.20333166666667        5.10765958333333      -0.739349255735117     
   1.20333166666667        5.40799250000000      -0.710772905988662     
   1.20333166666667        5.70832541666667      -0.689567104882025     
   1.20333166666667        6.00865833333333      -0.673603001147198     
   1.20333166666667        6.30899125000000      -0.661008817102003     
   1.20333166666667        6.60932416666667      -0.650265534074217     
   1.20333166666667        6.90965708333333      -0.638583608203718     
   1.20333166666667        7.20999000000000      -0.619830764228343     
   1.50366458333333       2.000000000000000E-003  -1.11189943102062     
   1.50366458333333       0.302332916666667       -1.15857525660699     
   1.50366458333333       0.602665833333333       -1.18793040109758     
   1.50366458333333       0.902998750000000       -1.20240923695122     
   1.50366458333333        1.20333166666667       -1.20230175311731     
   1.50366458333333        1.50366458333333       -1.18769551505733     
   1.50366458333333        1.80399750000000       -1.16260083500695     
   1.50366458333333        2.10433041666667       -1.13587827038339     
   1.50366458333333        2.40466333333333       -1.10664376547351     
   1.50366458333333        2.70499625000000       -1.07314033074245     
   1.50366458333333        3.00532916666667       -1.03471626769764     
   1.50366458333333        3.30566208333333      -0.991162034560855     
   1.50366458333333        3.60599500000000      -0.942756675909656     
   1.50366458333333        3.90632791666667      -0.891345405100717     
   1.50366458333333        4.20666083333333      -0.840540233781643     
   1.50366458333333        4.50699375000000      -0.794111949789343     
   1.50366458333333        4.80732666666667      -0.754426432915448     
   1.50366458333333        5.10765958333333      -0.722185606979230     
   1.50366458333333        5.40799250000000      -0.696943853502882     
   1.50366458333333        5.70832541666667      -0.677595187690992     
   1.50366458333333        6.00865833333333      -0.662287799542766     
   1.50366458333333        6.30899125000000      -0.649065659031638     
   1.50366458333333        6.60932416666667      -0.636046961548775     
   1.50366458333333        6.90965708333333      -0.620806428615015     
   1.50366458333333        7.20999000000000      -0.600445390023444     
   1.80399750000000       2.000000000000000E-003  -1.08164346733632     
   1.80399750000000       0.302332916666667       -1.12915996643414     
   1.80399750000000       0.602665833333333       -1.16138818032756     
   1.80399750000000       0.902998750000000       -1.17762775392068     
   1.80399750000000        1.20333166666667       -1.17723826458819     
   1.80399750000000        1.50366458333333       -1.16259851467602     
   1.80399750000000        1.80399750000000       -1.14071838515763     
   1.80399750000000        2.10433041666667       -1.11294872384946     
   1.80399750000000        2.40466333333333       -1.07929314893410     
   1.80399750000000        2.70499625000000       -1.04019158986281     
   1.80399750000000        3.00532916666667      -0.996669927637887     
   1.80399750000000        3.30566208333333      -0.950055885523254     
   1.80399750000000        3.60599500000000      -0.901874169355203     
   1.80399750000000        3.90632791666667      -0.854019615860529     
   1.80399750000000        4.20666083333333      -0.808731475287957     
   1.80399750000000        4.50699375000000      -0.768102301301079     
   1.80399750000000        4.80732666666667      -0.733497759972959     
   1.80399750000000        5.10765958333333      -0.705310067553436     
   1.80399750000000        5.40799250000000      -0.683062487489033     
   1.80399750000000        5.70832541666667      -0.665658531360575     
   1.80399750000000        6.00865833333333      -0.651578943016754     
   1.80399750000000        6.30899125000000      -0.638844510070230     
   1.80399750000000        6.60932416666667      -0.625430404376090     
   1.80399750000000        6.90965708333333      -0.609378482259401     
   1.80399750000000        7.20999000000000      -0.589043072814303     
   2.10433041666667       2.000000000000000E-003  -1.06653745695025     
   2.10433041666667       0.302332916666667       -1.11073470021923     
   2.10433041666667       0.602665833333333       -1.13935953701840     
   2.10433041666667       0.902998750000000       -1.15123698244963     
   2.10433041666667        1.20333166666667       -1.14922196005200     
   2.10433041666667        1.50366458333333       -1.13587416710685     
   2.10433041666667        1.80399750000000       -1.11294647914163     
   2.10433041666667        2.10433041666667       -1.08184942395686     
   2.10433041666667        2.40466333333333       -1.04421128609969     
   2.10433041666667        2.70499625000000       -1.00197556928964     
   2.10433041666667        3.00532916666667      -0.957096415081287     
   2.10433041666667        3.30566208333333      -0.911237360385927     
   2.10433041666667        3.60599500000000      -0.865769969233242     
   2.10433041666667        3.90632791666667      -0.822010565329746     
   2.10433041666667        4.20666083333333      -0.781377112946367     
   2.10433041666667        4.50699375000000      -0.745248774379363     
   2.10433041666667        4.80732666666667      -0.714620548519130     
   2.10433041666667        5.10765958333333      -0.689809455534220     
   2.10433041666667        5.40799250000000      -0.670383549039331     
   2.10433041666667        5.70832541666667      -0.655300137097976     
   2.10433041666667        6.00865833333333      -0.643105515053912     
   2.10433041666667        6.30899125000000      -0.632044231266460     
   2.10433041666667        6.60932416666667      -0.620079403722368     
   2.10433041666667        6.90965708333333      -0.605099208045387     
   2.10433041666667        7.20999000000000      -0.585597787211327     
   2.40466333333333       2.000000000000000E-003  -1.07135662166077     
   2.40466333333333       0.302332916666667       -1.11031474820754     
   2.40466333333333       0.602665833333333       -1.12939888196034     
   2.40466333333333       0.902998750000000       -1.13292015955893     
   2.40466333333333        1.20333166666667       -1.12479485310321     
   2.40466333333333        1.50366458333333       -1.10663690213188     
   2.40466333333333        1.80399750000000       -1.07928748522037     
   2.40466333333333        2.10433041666667       -1.04420752172767     
   2.40466333333333        2.40466333333333       -1.00373676757311     
   2.40466333333333        2.70499625000000      -0.960522088953360     
   2.40466333333333        3.00532916666667      -0.916764967342680     
   2.40466333333333        3.30566208333333      -0.873844337006278     
   2.40466333333333        3.60599500000000      -0.832496328370957     
   2.40466333333333        3.90632791666667      -0.793310739690614     
   2.40466333333333        4.20666083333333      -0.757114022631917     
   2.40466333333333        4.50699375000000      -0.724960172213636     
   2.40466333333333        4.80732666666667      -0.697785077779413     
   2.40466333333333        5.10765958333333      -0.676015138632458     
   2.40466333333333        5.40799250000000      -0.659400203623292     
   2.40466333333333        5.70832541666667      -0.647121762091635     
   2.40466333333333        6.00865833333333      -0.637985240784833     
   2.40466333333333        6.30899125000000      -0.630406500023759     
   2.40466333333333        6.60932416666667      -0.622102567829327     
   2.40466333333333        6.90965708333333      -0.610075115840380     
   2.40466333333333        7.20999000000000      -0.591878902176666     
   2.70499625000000       2.000000000000000E-003  -1.09694163799954     
   2.70499625000000       0.302332916666667       -1.12970176454420     
   2.70499625000000       0.602665833333333       -1.13708417361089     
   2.70499625000000       0.902998750000000       -1.12345738851569     
   2.70499625000000        1.20333166666667       -1.10045242975244     
   2.70499625000000        1.50366458333333       -1.07312965615060     
   2.70499625000000        1.80399750000000       -1.04018146877435     
   2.70499625000000        2.10433041666667       -1.00196679669398     
   2.70499625000000        2.40466333333333      -0.960516734376921     
   2.70499625000000        2.70499625000000      -0.918373002349641     
   2.70499625000000        3.00532916666667      -0.877450611776779     
   2.70499625000000        3.30566208333333      -0.838581925536937     
   2.70499625000000        3.60599500000000      -0.801834340683223     
   2.70499625000000        3.90632791666667      -0.767207185953479     
   2.70499625000000        4.20666083333333      -0.735154346527125     
   2.70499625000000        4.50699375000000      -0.706605491035737     
   2.70499625000000        4.80732666666667      -0.682565049590879     
   2.70499625000000        5.10765958333333      -0.663648567761352     
   2.70499625000000        5.40799250000000      -0.649895441743314     
   2.70499625000000        5.70832541666667      -0.640930628996321     
   2.70499625000000        6.00865833333333      -0.636221297987403     
   2.70499625000000        6.30899125000000      -0.634896502391136     
   2.70499625000000        6.60932416666667      -0.633463775593884     
   2.70499625000000        6.90965708333333      -0.625883837911432     
   2.70499625000000        7.20999000000000      -0.608937009102251     
   3.00532916666667       2.000000000000000E-003  -1.13154998338177     
   3.00532916666667       0.302332916666667       -1.15487371402004     
   3.00532916666667       0.602665833333333       -1.14685052988221     
   3.00532916666667       0.902998750000000       -1.11546828484369     
   3.00532916666667        1.20333166666667       -1.07351283450263     
   3.00532916666667        1.50366458333333       -1.03470176048143     
   3.00532916666667        1.80399750000000      -0.996655716291831     
   3.00532916666667        2.10433041666667      -0.957083052025747     
   3.00532916666667        2.40466333333333      -0.916754423593485     
   3.00532916666667        2.70499625000000      -0.877444986335462     
   3.00532916666667        3.00532916666667      -0.840436148119415     
   3.00532916666667        3.30566208333333      -0.805979833080477     
   3.00532916666667        3.60599500000000      -0.773662359886704     
   3.00532916666667        3.90632791666667      -0.743161689478999     
   3.00532916666667        4.20666083333333      -0.714784258854682     
   3.00532916666667        4.50699375000000      -0.689452211108044     
   3.00532916666667        4.80732666666667      -0.668258540181762     
   3.00532916666667        5.10765958333333      -0.651997245711465     
   3.00532916666667        5.40799250000000      -0.641041599765955     
   3.00532916666667        5.70832541666667      -0.635670718745236     
   3.00532916666667        6.00865833333333      -0.636644757822899     
   3.00532916666667        6.30899125000000      -0.644118638289573     
   3.00532916666667        6.60932416666667      -0.651279568093808     
   3.00532916666667        6.90965708333333      -0.648949205728039     
   3.00532916666667        7.20999000000000      -0.632577256177376     
   3.30566208333333       2.000000000000000E-003  -1.15324855013193     
   3.30566208333333       0.302332916666667       -1.16726274716805     
   3.30566208333333       0.602665833333333       -1.14486823103147     
   3.30566208333333       0.902998750000000       -1.09606556281759     
   3.30566208333333        1.20333166666667       -1.04003402621426     
   3.30566208333333        1.50366458333333      -0.991145028471885     
   3.30566208333333        1.80399750000000      -0.950039717338684     
   3.30566208333333        2.10433041666667      -0.911221871556342     
   3.30566208333333        2.40466333333333      -0.873830983492266     
   3.30566208333333        2.70499625000000      -0.838572638002590     
   3.30566208333333        3.00532916666667      -0.805975578515371     
   3.30566208333333        3.30566208333333      -0.775815140814729     
   3.30566208333333        3.60599500000000      -0.747446654173343     
   3.30566208333333        3.90632791666667      -0.720491993869333     
   3.30566208333333        4.20666083333333      -0.695283697523621     
   3.30566208333333        4.50699375000000      -0.672782662388044     
   3.30566208333333        4.80732666666667      -0.654123096959121     
   3.30566208333333        5.10765958333333      -0.640200074802194     
   3.30566208333333        5.40799250000000      -0.631666991431598     
   3.30566208333333        5.70832541666667      -0.629486637982878     
   3.30566208333333        6.00865833333333      -0.636094238281921     
   3.30566208333333        6.30899125000000      -0.651498671816145     
   3.30566208333333        6.60932416666667      -0.667372292262114     
   3.30566208333333        6.90965708333333      -0.669443412912865     
   3.30566208333333        7.20999000000000      -0.652626357268388     
   3.60599500000000       2.000000000000000E-003  -1.15418556430085     
   3.60599500000000       0.302332916666667       -1.15047355116004     
   3.60599500000000       0.602665833333333       -1.11683131475804     
   3.60599500000000       0.902998750000000       -1.05740014846147     
   3.60599500000000        1.20333166666667      -0.995013613559538     
   3.60599500000000        1.50366458333333      -0.942739480376342     
   3.60599500000000        1.80399750000000      -0.901859183838829     
   3.60599500000000        2.10433041666667      -0.865755920339923     
   3.60599500000000        2.40466333333333      -0.832483787571820     
   3.60599500000000        2.70499625000000      -0.801824721048156     
   3.60599500000000        3.00532916666667      -0.773656628230700     
   3.60599500000000        3.30566208333333      -0.747444499487910     
   3.60599500000000        3.60599500000000      -0.722517818650205     
   3.60599500000000        3.90632791666667      -0.698611721885716     
   3.60599500000000        4.20666083333333      -0.676162895384074     
   3.60599500000000        4.50699375000000      -0.656153051859843     
   3.60599500000000        4.80732666666667      -0.639677504683679     
   3.60599500000000        5.10765958333333      -0.627621239108140     
   3.60599500000000        5.40799250000000      -0.620757070358048     
   3.60599500000000        5.70832541666667      -0.620405686814541     
   3.60599500000000        6.00865833333333      -0.629790409045575     
   3.60599500000000        6.30899125000000      -0.648763988869651     
   3.60599500000000        6.60932416666667      -0.668754423203439     
   3.60599500000000        6.90965708333333      -0.673737835299132     
   3.60599500000000        7.20999000000000      -0.666813905031914     
   3.90632791666667       2.000000000000000E-003  -1.08483541896570     
   3.90632791666667       0.302332916666667       -1.09318959179962     
   3.90632791666667       0.602665833333333       -1.05707790607226     
   3.90632791666667       0.902998750000000      -0.998452674974820     
   3.90632791666667        1.20333166666667      -0.939333254810598     
   3.90632791666667        1.50366458333333      -0.891330576091164     
   3.90632791666667        1.80399750000000      -0.854008533602478     
   3.90632791666667        2.10433041666667      -0.822000893750879     
   3.90632791666667        2.40466333333333      -0.793302036553820     
   3.90632791666667        2.70499625000000      -0.767200133737503     
   3.90632791666667        3.00532916666667      -0.743157040997067     
   3.90632791666667        3.30566208333333      -0.720489750464328     
   3.90632791666667        3.60599500000000      -0.698611066901658     
   3.90632791666667        3.90632791666667      -0.677416160757551     
   3.90632791666667        4.20666083333333      -0.657431760068454     
   3.90632791666667        4.50699375000000      -0.639606110769657     
   3.90632791666667        4.80732666666667      -0.624923631239723     
   3.90632791666667        5.10765958333333      -0.614163194252476     
   3.90632791666667        5.40799250000000      -0.608023762443263     
   3.90632791666667        5.70832541666667      -0.607664180762189     
   3.90632791666667        6.00865833333333      -0.615702981904105     
   3.90632791666667        6.30899125000000      -0.632163580372547     
   3.90632791666667        6.60932416666667      -0.648874029346444     
   3.90632791666667        6.90965708333333      -0.652176075349706     
   3.90632791666667        7.20999000000000      -0.637753385434080     
   4.20666083333333       2.000000000000000E-003 -0.997837800772656     
   4.20666083333333       0.302332916666667       -1.00398729644812     
   4.20666083333333       0.602665833333333      -0.974356219531855     
   4.20666083333333       0.902998750000000      -0.927321067768887     
   4.20666083333333        1.20333166666667      -0.879462342515176     
   4.20666083333333        1.50366458333333      -0.840529448559128     
   4.20666083333333        1.80399750000000      -0.808725318419307     
   4.20666083333333        2.10433041666667      -0.781372694310321     
   4.20666083333333        2.40466333333333      -0.757110047966352     
   4.20666083333333        2.70499625000000      -0.735150773396856     
   4.20666083333333        3.00532916666667      -0.714781548742473     
   4.20666083333333        3.30566208333333      -0.695282059164907     
   4.20666083333333        3.60599500000000      -0.676162031626479     
   4.20666083333333        3.90632791666667      -0.657431261645454     
   4.20666083333333        4.20666083333333      -0.639644214184989     
   4.20666083333333        4.50699375000000      -0.623668528559265     
   4.20666083333333        4.80732666666667      -0.610351551956923     
   4.20666083333333        5.10765958333333      -0.600331423064150     
   4.20666083333333        5.40799250000000      -0.594123264620020     
   4.20666083333333        5.70832541666667      -0.592420852831771     
   4.20666083333333        6.00865833333333      -0.596418515826178     
   4.20666083333333        6.30899125000000      -0.606429402421054     
   4.20666083333333        6.60932416666667      -0.615895643301008     
   4.20666083333333        6.90965708333333      -0.616244254902482     
   4.20666083333333        7.20999000000000      -0.603391245396941     
   4.50699375000000       2.000000000000000E-003 -0.900186755928638     
   4.50699375000000       0.302332916666667      -0.907420210394610     
   4.50699375000000       0.602665833333333      -0.889153912548179     
   4.50699375000000       0.902998750000000      -0.857174050415025     
   4.50699375000000        1.20333166666667      -0.823824071112085     
   4.50699375000000        1.50366458333333      -0.794105092408972     
   4.50699375000000        1.80399750000000      -0.768100058455638     
   4.50699375000000        2.10433041666667      -0.745248201679703     
   4.50699375000000        2.40466333333333      -0.724959450277992     
   4.50699375000000        2.70499625000000      -0.706604042851314     
   4.50699375000000        3.00532916666667      -0.689450267671149     
   4.50699375000000        3.30566208333333      -0.672780603548830     
   4.50699375000000        3.60599500000000      -0.656151024484750     
   4.50699375000000        3.90632791666667      -0.639604169290085     
   4.50699375000000        4.20666083333333      -0.623667072616445     
   4.50699375000000        4.50699375000000      -0.609124692292583     
   4.50699375000000        4.80732666666667      -0.596724779165894     
   4.50699375000000        5.10765958333333      -0.587003553225777     
   4.50699375000000        5.40799250000000      -0.580304107827154     
   4.50699375000000        5.70832541666667      -0.576886768324908     
   4.50699375000000        6.00865833333333      -0.576903235892813     
   4.50699375000000        6.30899125000000      -0.579898369484978     
   4.50699375000000        6.60932416666667      -0.582575056327547     
   4.50699375000000        6.90965708333333      -0.579291910586514     
   4.50699375000000        7.20999000000000      -0.567007135375805     
   4.80732666666667       2.000000000000000E-003 -0.816898547112461     
   4.80732666666667       0.302332916666667      -0.825705720669416     
   4.80732666666667       0.602665833333333      -0.817354942472932     
   4.80732666666667       0.902998750000000      -0.798981663429161     
   4.80732666666667        1.20333166666667      -0.776803898616945     
   4.80732666666667        1.50366458333333      -0.754422022514405     
   4.80732666666667        1.80399750000000      -0.733497276382994     
   4.80732666666667        2.10433041666667      -0.714621262362555     
   4.80732666666667        2.40466333333333      -0.697784985408918     
   4.80732666666667        2.70499625000000      -0.682563305283628     
   4.80732666666667        3.00532916666667      -0.668255266455279     
   4.80732666666667        3.30566208333333      -0.654118829378701     
   4.80732666666667        3.60599500000000      -0.639672747139057     
   4.80732666666667        3.90632791666667      -0.624918822134649     
   4.80732666666667        4.20666083333333      -0.610347327687657     
   4.80732666666667        4.50699375000000      -0.596722131054323     
   4.80732666666667        4.80732666666667      -0.584787250814033     
   4.80732666666667        5.10765958333333      -0.575064225965130     
   4.80732666666667        5.40799250000000      -0.567800823998499     
   4.80732666666667        5.70832541666667      -0.562985410715213     
   4.80732666666667        6.00865833333333      -0.560267360111680     
   4.80732666666667        6.30899125000000      -0.558667819316593     
   4.80732666666667        6.60932416666667      -0.556186581766367     
   4.80732666666667        6.90965708333333      -0.549940394699023     
   4.80732666666667        7.20999000000000      -0.537546160689452     
   5.10765958333333       2.000000000000000E-003 -0.757414635047697     
   5.10765958333333       0.302332916666667      -0.767322934532524     
   5.10765958333333       0.602665833333333      -0.765340233535222     
   5.10765958333333       0.902998750000000      -0.754758138369995     
   5.10765958333333        1.20333166666667      -0.739340960096402     
   5.10765958333333        1.50366458333333      -0.722182163998160     
   5.10765958333333        1.80399750000000      -0.705309555522375     
   5.10765958333333        2.10433041666667      -0.689809478033558     
   5.10765958333333        2.40466333333333      -0.676013780114871     
   5.10765958333333        2.70499625000000      -0.663644946244790     
   5.10765958333333        3.00532916666667      -0.651991459032557     
   5.10765958333333        3.30566208333333      -0.640192740086993     
   5.10765958333333        3.60599500000000      -0.627613062735485     
   5.10765958333333        3.90632791666667      -0.614154871451659     
   5.10765958333333        4.20666083333333      -0.600323790581022     
   5.10765958333333        4.50699375000000      -0.586997662495549     
   5.10765958333333        4.80732666666667      -0.575061079003900     
   5.10765958333333        5.10765958333333      -0.565123527621237     
   5.10765958333333        5.40799250000000      -0.557409697965294     
   5.10765958333333        5.70832541666667      -0.551755272659741     
   5.10765958333333        6.00865833333333      -0.547588739122056     
   5.10765958333333        6.30899125000000      -0.543847335000131     
   5.10765958333333        6.60932416666667      -0.538925757449318     
   5.10765958333333        6.90965708333333      -0.530931051688842     
   5.10765958333333        7.20999000000000      -0.518381315697337     
   5.40799250000000       2.000000000000000E-003 -0.720030883593859     
   5.40799250000000       0.302332916666667      -0.729650185997521     
   5.40799250000000       0.602665833333333      -0.729696072038189     
   5.40799250000000       0.902998750000000      -0.722498743615592     
   5.40799250000000        1.20333166666667      -0.710766454726292     
   5.40799250000000        1.50366458333333      -0.696940954822424     
   5.40799250000000        1.80399750000000      -0.683061631725767     
   5.40799250000000        2.10433041666667      -0.670382718200943     
   5.40799250000000        2.40466333333333      -0.659397762670970     
   5.40799250000000        2.70499625000000      -0.649890627788708     
   5.40799250000000        3.00532916666667      -0.641034478097681     
   5.40799250000000        3.30566208333333      -0.631658061090044     
   5.40799250000000        3.60599500000000      -0.620746944133089     
   5.40799250000000        3.90632791666667      -0.608013168334375     
   5.40799250000000        4.20666083333333      -0.594113188332311     
   5.40799250000000        4.50699375000000      -0.580295744315628     
   5.40799250000000        4.80732666666667      -0.567795223315221     
   5.40799250000000        5.10765958333333      -0.557407243956728     
   5.40799250000000        5.40799250000000      -0.549365113630067     
   5.40799250000000        5.70832541666667      -0.543394374167153     
   5.40799250000000        6.00865833333333      -0.538789073073872     
   5.40799250000000        6.30899125000000      -0.534378983980209     
   5.40799250000000        6.60932416666667      -0.528779997797568     
   5.40799250000000        6.90965708333333      -0.520466486413134     
   5.40799250000000        7.20999000000000      -0.508107858484632     
   5.70832541666667       2.000000000000000E-003 -0.699905124957643     
   5.70832541666667       0.302332916666667      -0.707886386568818     
   5.70832541666667       0.602665833333333      -0.706799748172795     
   5.70832541666667       0.902998750000000      -0.699877231729743     
   5.70832541666667        1.20333166666667      -0.689562985145478     
   5.70832541666667        1.50366458333333      -0.677593690749714     
   5.70832541666667        1.80399750000000      -0.665658574530210     
   5.70832541666667        2.10433041666667      -0.655300140370135     
   5.70832541666667        2.40466333333333      -0.647120555517886     
   5.70832541666667        2.70499625000000      -0.640927716282659     
   5.70832541666667        3.00532916666667      -0.635666088170373     
   5.70832541666667        3.30566208333333      -0.629480312772577     
   5.70832541666667        3.60599500000000      -0.620397611220478     
   5.70832541666667        3.90632791666667      -0.607654701261735     
   5.70832541666667        4.20666083333333      -0.592411072892811     
   5.70832541666667        4.50699375000000      -0.576878207592960     
   5.70832541666667        4.80732666666667      -0.562979354223641     
   5.70832541666667        5.10765958333333      -0.551752222042093     
   5.70832541666667        5.40799250000000      -0.543393723298369     
   5.70832541666667        5.70832541666667      -0.537463897093663     
   5.70832541666667        6.00865833333333      -0.532937501540157     
   5.70832541666667        6.30899125000000      -0.528767284340480     
   5.70832541666667        6.60932416666667      -0.523780360602250     
   5.70832541666667        6.90965708333333      -0.516383342576288     
   5.70832541666667        7.20999000000000      -0.504716451340152     
   6.00865833333333       2.000000000000000E-003 -0.695234043902041     
   6.00865833333333       0.302332916666667      -0.699444031497763     
   6.00865833333333       0.602665833333333      -0.693607448313171     
   6.00865833333333       0.902998750000000      -0.684292492771461     
   6.00865833333333        1.20333166666667      -0.673601713421356     
   6.00865833333333        1.50366458333333      -0.662289016964625     
   6.00865833333333        1.80399750000000      -0.651581826185149     
   6.00865833333333        2.10433041666667      -0.643108805178576     
   6.00865833333333        2.40466333333333      -0.637988530593858     
   6.00865833333333        2.70499625000000      -0.636224709317093     
   6.00865833333333        3.00532916666667      -0.636648407608814     
   6.00865833333333        3.30566208333333      -0.636097195591206     
   6.00865833333333        3.60599500000000      -0.629790564268522     
   6.00865833333333        3.90632791666667      -0.615699401647117     
   6.00865833333333        4.20666083333333      -0.596412689461831     
   6.00865833333333        4.50699375000000      -0.576897553232243     
   6.00865833333333        4.80732666666667      -0.560263582767832     
   6.00865833333333        5.10765958333333      -0.547587615276911     
   6.00865833333333        5.40799250000000      -0.538790217622136     
   6.00865833333333        5.70832541666667      -0.532939084294134     
   6.00865833333333        6.00865833333333      -0.528903980794073     
   6.00865833333333        6.30899125000000      -0.525758984676450     
   6.00865833333333        6.60932416666667      -0.522627193060551     
   6.00865833333333        6.90965708333333      -0.517813438343396     
   6.00865833333333        7.20999000000000      -0.507770288434766     
   6.30899125000000       2.000000000000000E-003 -0.705845608384258     
   6.30899125000000       0.302332916666667      -0.701913990137594     
   6.30899125000000       0.602665833333333      -0.686931660143381     
   6.30899125000000       0.902998750000000      -0.673476204293055     
   6.30899125000000        1.20333166666667      -0.661010215110709     
   6.30899125000000        1.50366458333333      -0.649069899407377     
   6.30899125000000        1.80399750000000      -0.638851168996158     
   6.30899125000000        2.10433041666667      -0.632052482043916     
   6.30899125000000        2.40466333333333      -0.630416741074354     
   6.30899125000000        2.70499625000000      -0.634910348861154     
   6.30899125000000        3.00532916666667      -0.644136863500061     
   6.30899125000000        3.30566208333333      -0.651518231218643     
   6.30899125000000        3.60599500000000      -0.648778997513080     
   6.30899125000000        3.90632791666667      -0.632170622121454     
   6.30899125000000        4.20666083333333      -0.606430656855447     
   6.30899125000000        4.50699375000000      -0.579898194031466     
   6.30899125000000        4.80732666666667      -0.558668826541574     
   6.30899125000000        5.10765958333333      -0.543850464374776     
   6.30899125000000        5.40799250000000      -0.534383841733966     
   6.30899125000000        5.70832541666667      -0.528772005829779     
   6.30899125000000        6.00865833333333      -0.525761811755036     
   6.30899125000000        6.30899125000000      -0.524393016708924     
   6.30899125000000        6.60932416666667      -0.524215826176565     
   6.30899125000000        6.90965708333333      -0.524311583365915     
   6.30899125000000        7.20999000000000      -0.518017261257153     
   6.60932416666667       2.000000000000000E-003 -0.727033628472637     
   6.60932416666667       0.302332916666667      -0.708305624592193     
   6.60932416666667       0.602665833333333      -0.683848991121385     
   6.60932416666667       0.902998750000000      -0.666416923648083     
   6.60932416666667        1.20333166666667      -0.650268905481343     
   6.60932416666667        1.50366458333333      -0.636053316945426     
   6.60932416666667        1.80399750000000      -0.625439988814775     
   6.60932416666667        2.10433041666667      -0.620092265703493     
   6.60932416666667        2.40466333333333      -0.622119804792312     
   6.60932416666667        2.70499625000000      -0.633488783177369     
   6.60932416666667        3.00532916666667      -0.651313339172294     
   6.60932416666667        3.30566208333333      -0.667410465560164     
   6.60932416666667        3.60599500000000      -0.668785882570801     
   6.60932416666667        3.90632791666667      -0.648892547708848     
   6.60932416666667        4.20666083333333      -0.615905431364290     
   6.60932416666667        4.50699375000000      -0.582582007150405     
   6.60932416666667        4.80732666666667      -0.556193889422352     
   6.60932416666667        5.10765958333333      -0.538934429106792     
   6.60932416666667        5.40799250000000      -0.528789285041805     
   6.60932416666667        5.70832541666667      -0.523788621598890     
   6.60932416666667        6.00865833333333      -0.522632873311221     
   6.60932416666667        6.30899125000000      -0.524218138016361     
   6.60932416666667        6.60932416666667      -0.527569784798758     
   6.60932416666667        6.90965708333333      -0.533546148791728     
   6.60932416666667        7.20999000000000      -0.534418630502311     
   6.90965708333333       2.000000000000000E-003 -0.728958712319054     
   6.90965708333333       0.302332916666667      -0.707234868841875     
   6.90965708333333       0.602665833333333      -0.687029023962002     
   6.90965708333333       0.902998750000000      -0.661979926281509     
   6.90965708333333        1.20333166666667      -0.638587891791772     
   6.90965708333333        1.50366458333333      -0.620813293529142     
   6.90965708333333        1.80399750000000      -0.609388966067481     
   6.90965708333333        2.10433041666667      -0.605114062109577     
   6.90965708333333        2.40466333333333      -0.610096122886455     
   6.90965708333333        2.70499625000000      -0.625914171178804     
   6.90965708333333        3.00532916666667      -0.648990136522973     
   6.90965708333333        3.30566208333333      -0.669490157928962     
   6.90965708333333        3.60599500000000      -0.673776142483851     
   6.90965708333333        3.90632791666667      -0.652201380523268     
   6.90965708333333        4.20666083333333      -0.616262197119885     
   6.90965708333333        4.50699375000000      -0.579306785564535     
   6.90965708333333        4.80732666666667      -0.549954363139303     
   6.90965708333333        5.10765958333333      -0.530944997160615     
   6.90965708333333        5.40799250000000      -0.520479751581734     
   6.90965708333333        5.70832541666667      -0.516394484356751     
   6.90965708333333        6.00865833333333      -0.517821022078045     
   6.90965708333333        6.30899125000000      -0.524314611758427     
   6.90965708333333        6.60932416666667      -0.533545309527294     
   6.90965708333333        6.90965708333333      -0.539748202498810     
   6.90965708333333        7.20999000000000      -0.543097309939016     
   7.20999000000000       2.000000000000000E-003 -0.701935652773424     
   7.20999000000000       0.302332916666667      -0.708150512492303     
   7.20999000000000       0.602665833333333      -0.685222670060718     
   7.20999000000000       0.902998750000000      -0.648633337784283     
   7.20999000000000        1.20333166666667      -0.619834892853571     
   7.20999000000000        1.50366458333333      -0.600451380356403     
   7.20999000000000        1.80399750000000      -0.589052346535406     
   7.20999000000000        2.10433041666667      -0.585611364109136     
   7.20999000000000        2.40466333333333      -0.591898245596097     
   7.20999000000000        2.70499625000000      -0.608963715270895     
   7.20999000000000        3.00532916666667      -0.632611211422947     
   7.20999000000000        3.30566208333333      -0.652662814566181     
   7.20999000000000        3.60599500000000      -0.666844131864483     
   7.20999000000000        3.90632791666667      -0.637785326668913     
   7.20999000000000        4.20666083333333      -0.603418125155944     
   7.20999000000000        4.50699375000000      -0.567029530908052     
   7.20999000000000        4.80732666666667      -0.537565673000062     
   7.20999000000000        5.10765958333333      -0.518399115968137     
   7.20999000000000        5.40799250000000      -0.508123769191294     
   7.20999000000000        5.70832541666667      -0.504729347158713     
   7.20999000000000        6.00865833333333      -0.507778910923867     
   7.20999000000000        6.30899125000000      -0.518020742218337     
   7.20999000000000        6.60932416666667      -0.534417422968288     
   7.20999000000000        6.90965708333333      -0.543095519391765     
   7.20999000000000        7.20999000000000      -0.534260141454489     
