  2.000000000000000E-003  2.000000000000000E-003  -3.67595223551944     
  2.000000000000000E-003  0.302332916666667       -3.68937768184222     
  2.000000000000000E-003  0.602665833333333       -3.29495732194406     
  2.000000000000000E-003  0.902998750000000       -2.73661986779101     
  2.000000000000000E-003   1.20333166666667       -2.28243486301513     
  2.000000000000000E-003   1.50366458333333       -1.95066086230192     
  2.000000000000000E-003   1.80399750000000       -1.71267247499068     
  2.000000000000000E-003   2.10433041666667       -1.54573371752090     
  2.000000000000000E-003   2.40466333333333       -1.43505618837437     
  2.000000000000000E-003   2.70499625000000       -1.36963444589086     
  2.000000000000000E-003   3.00532916666667       -1.33066433277515     
  2.000000000000000E-003   3.30566208333333       -1.28549588897355     
  2.000000000000000E-003   3.60599500000000       -1.23737752640185     
  2.000000000000000E-003   3.90632791666667       -1.13716169411878     
  2.000000000000000E-003   4.20666083333333       -1.03867186885598     
  2.000000000000000E-003   4.50699375000000      -0.949724934078069     
  2.000000000000000E-003   4.80732666666667      -0.875600726488687     
  2.000000000000000E-003   5.10765958333333      -0.817898590127003     
  2.000000000000000E-003   5.40799250000000      -0.773490135895867     
  2.000000000000000E-003   5.70832541666667      -0.738199347371739     
  2.000000000000000E-003   6.00865833333333      -0.710834123932416     
  2.000000000000000E-003   6.30899125000000      -0.692451819473501     
  2.000000000000000E-003   6.60932416666667      -0.683958274397452     
  2.000000000000000E-003   6.90965708333333      -0.676764177589040     
  2.000000000000000E-003   7.20999000000000      -0.661044580604600     
  0.302332916666667       2.000000000000000E-003  -3.68936806775063     
  0.302332916666667       0.302332916666667       -3.42229977299365     
  0.302332916666667       0.602665833333333       -3.05110670073165     
  0.302332916666667       0.902998750000000       -2.60992916283495     
  0.302332916666667        1.20333166666667       -2.22047535198803     
  0.302332916666667        1.50366458333333       -1.91896710179294     
  0.302332916666667        1.80399750000000       -1.69531499310864     
  0.302332916666667        2.10433041666667       -1.53479186109500     
  0.302332916666667        2.40466333333333       -1.42573768588296     
  0.302332916666667        2.70499625000000       -1.35900312306616     
  0.302332916666667        3.00532916666667       -1.31849088151240     
  0.302332916666667        3.30566208333333       -1.27610252693223     
  0.302332916666667        3.60599500000000       -1.21333762115987     
  0.302332916666667        3.90632791666667       -1.12630165391057     
  0.302332916666667        4.20666083333333       -1.03139515249162     
  0.302332916666667        4.50699375000000      -0.944882505956564     
  0.302332916666667        4.80732666666667      -0.872873330825800     
  0.302332916666667        5.10765958333333      -0.816819950151969     
  0.302332916666667        5.40799250000000      -0.773353588041577     
  0.302332916666667        5.70832541666667      -0.738485133661972     
  0.302332916666667        6.00865833333333      -0.711122844637777     
  0.302332916666667        6.30899125000000      -0.692008039959933     
  0.302332916666667        6.60932416666667      -0.681921630519912     
  0.302332916666667        6.90965708333333      -0.675538304204809     
  0.302332916666667        7.20999000000000      -0.659869926041217     
  0.602665833333333       2.000000000000000E-003  -3.29494431803066     
  0.602665833333333       0.302332916666667       -3.05109930371476     
  0.602665833333333       0.602665833333333       -2.68279383678844     
  0.602665833333333       0.902998750000000       -2.35880437140246     
  0.602665833333333        1.20333166666667       -2.07187549593492     
  0.602665833333333        1.50366458333333       -1.83155250567250     
  0.602665833333333        1.80399750000000       -1.64057530338999     
  0.602665833333333        2.10433041666667       -1.49578093646473     
  0.602665833333333        2.40466333333333       -1.39129093357652     
  0.602665833333333        2.70499625000000       -1.32122105756931     
  0.602665833333333        3.00532916666667       -1.27438836338657     
  0.602665833333333        3.30566208333333       -1.23021852160040     
  0.602665833333333        3.60599500000000       -1.16943428710595     
  0.602665833333333        3.90632791666667       -1.08962089845943     
  0.602665833333333        4.20666083333333       -1.00371355502292     
  0.602665833333333        4.50699375000000      -0.925083282517109     
  0.602665833333333        4.80732666666667      -0.859106818535443     
  0.602665833333333        5.10765958333333      -0.807397691066247     
  0.602665833333333        5.40799250000000      -0.766310201560518     
  0.602665833333333        5.70832541666667      -0.732737654352622     
  0.602665833333333        6.00865833333333      -0.705623960705670     
  0.602665833333333        6.30899125000000      -0.685106000023070     
  0.602665833333333        6.60932416666667      -0.671210996698154     
  0.602665833333333        6.90965708333333      -0.660632029880005     
  0.602665833333333        7.20999000000000      -0.643042583252697     
  0.902998750000000       2.000000000000000E-003  -2.73661225155231     
  0.902998750000000       0.302332916666667       -2.60992353371292     
  0.902998750000000       0.602665833333333       -2.35880235304570     
  0.902998750000000       0.902998750000000       -2.11776505803100     
  0.902998750000000        1.20333166666667       -1.90502197946433     
  0.902998750000000        1.50366458333333       -1.71943020529611     
  0.902998750000000        1.80399750000000       -1.56300332669225     
  0.902998750000000        2.10433041666667       -1.43708180012199     
  0.902998750000000        2.40466333333333       -1.33918143857413     
  0.902998750000000        2.70499625000000       -1.26608202345271     
  0.902998750000000        3.00532916666667       -1.21158039407653     
  0.902998750000000        3.30566208333333       -1.16162492246481     
  0.902998750000000        3.60599500000000       -1.10351319051602     
  0.902998750000000        3.90632791666667       -1.03462135278362     
  0.902998750000000        4.20666083333333      -0.962256558559467     
  0.902998750000000        4.50699375000000      -0.895060776150193     
  0.902998750000000        4.80732666666667      -0.838053050525294     
  0.902998750000000        5.10765958333333      -0.791680138211105     
  0.902998750000000        5.40799250000000      -0.753837922085979     
  0.902998750000000        5.70832541666667      -0.722182284544836     
  0.902998750000000        6.00865833333333      -0.695774460092790     
  0.902998750000000        6.30899125000000      -0.674198048303894     
  0.902998750000000        6.60932416666667      -0.656628053813967     
  0.902998750000000        6.90965708333333      -0.640224309907282     
  0.902998750000000        7.20999000000000      -0.619563174816386     
   1.20333166666667       2.000000000000000E-003  -2.28243056126305     
   1.20333166666667       0.302332916666667       -2.22047163932918     
   1.20333166666667       0.602665833333333       -2.07187330273430     
   1.20333166666667       0.902998750000000       -1.90502112506628     
   1.20333166666667        1.20333166666667       -1.74683153126027     
   1.20333166666667        1.50366458333333       -1.60268826381660     
   1.20333166666667        1.80399750000000       -1.47544582161692     
   1.20333166666667        2.10433041666667       -1.36734153448328     
   1.20333166666667        2.40466333333333       -1.27783779430772     
   1.20333166666667        2.70499625000000       -1.20522365922562     
   1.20333166666667        3.00532916666667       -1.14548636600087     
   1.20333166666667        3.30566208333333       -1.09180530199263     
   1.20333166666667        3.60599500000000       -1.03647362857950     
   1.20333166666667        3.90632791666667      -0.977196586786662     
   1.20333166666667        4.20666083333333      -0.917343280564870     
   1.20333166666667        4.50699375000000      -0.861896485631075     
   1.20333166666667        4.80732666666667      -0.813413113279483     
   1.20333166666667        5.10765958333333      -0.772293095466579     
   1.20333166666667        5.40799250000000      -0.737780685550869     
   1.20333166666667        5.70832541666667      -0.708421294234247     
   1.20333166666667        6.00865833333333      -0.683242613625551     
   1.20333166666667        6.30899125000000      -0.661520264790427     
   1.20333166666667        6.60932416666667      -0.642075711577916     
   1.20333166666667        6.90965708333333      -0.622792251954403     
   1.20333166666667        7.20999000000000      -0.601007659375746     
   1.50366458333333       2.000000000000000E-003  -1.95065683476076     
   1.50366458333333       0.302332916666667       -1.91896331103366     
   1.50366458333333       0.602665833333333       -1.83154979496708     
   1.50366458333333       0.902998750000000       -1.71942886923550     
   1.50366458333333        1.20333166666667       -1.60268803529445     
   1.50366458333333        1.50366458333333       -1.49007357387224     
   1.50366458333333        1.80399750000000       -1.38628332631000     
   1.50366458333333        2.10433041666667       -1.29379737421250     
   1.50366458333333        2.40466333333333       -1.21369820775935     
   1.50366458333333        2.70499625000000       -1.14522895739352     
   1.50366458333333        3.00532916666667       -1.08579995951469     
   1.50366458333333        3.30566208333333       -1.03163906300524     
   1.50366458333333        3.60599500000000      -0.979261337961093     
   1.50366458333333        3.90632791666667      -0.927284444831320     
   1.50366458333333        4.20666083333333      -0.876786627932908     
   1.50366458333333        4.50699375000000      -0.829808496066967     
   1.50366458333333        4.80732666666667      -0.787840846347195     
   1.50366458333333        5.10765958333333      -0.751357593432156     
   1.50366458333333        5.40799250000000      -0.720032234266823     
   1.50366458333333        5.70832541666667      -0.693087333287711     
   1.50366458333333        6.00865833333333      -0.669581167304688     
   1.50366458333333        6.30899125000000      -0.648640024021778     
   1.50366458333333        6.60932416666667      -0.629040638187221     
   1.50366458333333        6.90965708333333      -0.609177470372828     
   1.50366458333333        7.20999000000000      -0.587539305648453     
   1.80399750000000       2.000000000000000E-003  -1.71266693556015     
   1.80399750000000       0.302332916666667       -1.69530977886064     
   1.80399750000000       0.602665833333333       -1.64057165611825     
   1.80399750000000       0.902998750000000       -1.56300186786885     
   1.80399750000000        1.20333166666667       -1.47544627222586     
   1.80399750000000        1.50366458333333       -1.38628445641702     
   1.80399750000000        1.80399750000000       -1.30052990650608     
   1.80399750000000        2.10433041666667       -1.22154326768703     
   1.80399750000000        2.40466333333333       -1.15086907717704     
   1.80399750000000        2.70499625000000       -1.08832044349470     
   1.80399750000000        3.00532916666667       -1.03239395251301     
   1.80399750000000        3.30566208333333      -0.980978589946297     
   1.80399750000000        3.60599500000000      -0.932266786403355     
   1.80399750000000        3.90632791666667      -0.885503305658301     
   1.80399750000000        4.20666083333333      -0.841079270026525     
   1.80399750000000        4.50699375000000      -0.799952997254367     
   1.80399750000000        4.80732666666667      -0.762950985527910     
   1.80399750000000        5.10765958333333      -0.730406173919352     
   1.80399750000000        5.40799250000000      -0.702149696482646     
   1.80399750000000        5.70832541666667      -0.677652996846562     
   1.80399750000000        6.00865833333333      -0.656160079436979     
   1.80399750000000        6.30899125000000      -0.636730787319505     
   1.80399750000000        6.60932416666667      -0.618127423657054     
   1.80399750000000        6.90965708333333      -0.598946914566506     
   1.80399750000000        7.20999000000000      -0.578050360356396     
   2.10433041666667       2.000000000000000E-003  -1.54572562135598     
   2.10433041666667       0.302332916666667       -1.53478437451392     
   2.10433041666667       0.602665833333333       -1.49577602785984     
   2.10433041666667       0.902998750000000       -1.43708052754796     
   2.10433041666667        1.20333166666667       -1.36734357629597     
   2.10433041666667        1.50366458333333       -1.29380108419655     
   2.10433041666667        1.80399750000000       -1.22154624187484     
   2.10433041666667        2.10433041666667       -1.15369038071088     
   2.10433041666667        2.40466333333333       -1.09163402553438     
   2.10433041666667        2.70499625000000       -1.03540041052588     
   2.10433041666667        3.00532916666667      -0.984103828170693     
   2.10433041666667        3.30566208333333      -0.936530668842441     
   2.10433041666667        3.60599500000000      -0.891705632267763     
   2.10433041666667        3.90632791666667      -0.849250082064141     
   2.10433041666667        4.20666083333333      -0.809390163707470     
   2.10433041666667        4.50699375000000      -0.772669739256778     
   2.10433041666667        4.80732666666667      -0.739597564808405     
   2.10433041666667        5.10765958333333      -0.710426780075318     
   2.10433041666667        5.40799250000000      -0.685097315709679     
   2.10433041666667        5.70832541666667      -0.663251598525424     
   2.10433041666667        6.00865833333333      -0.644230368741671     
   2.10433041666667        6.30899125000000      -0.627028242178975     
   2.10433041666667        6.60932416666667      -0.610293267623602     
   2.10433041666667        6.90965708333333      -0.592560495479464     
   2.10433041666667        7.20999000000000      -0.572705480778592     
   2.40466333333333       2.000000000000000E-003  -1.43504408846548     
   2.40466333333333       0.302332916666667       -1.42572639075256     
   2.40466333333333       0.602665833333333       -1.39128366578766     
   2.40466333333333       0.902998750000000       -1.33918010859523     
   2.40466333333333        1.20333166666667       -1.27784198933129     
   2.40466333333333        1.50366458333333       -1.21370551069574     
   2.40466333333333        1.80399750000000       -1.15087621907180     
   2.40466333333333        2.10433041666667       -1.09163823642919     
   2.40466333333333        2.40466333333333       -1.03690336114988     
   2.40466333333333        2.70499625000000      -0.986602006630149     
   2.40466333333333        3.00532916666667      -0.940104262218002     
   2.40466333333333        3.30566208333333      -0.896649268992362     
   2.40466333333333        3.60599500000000      -0.855691574798722     
   2.40466333333333        3.90632791666667      -0.817074003598518     
   2.40466333333333        4.20666083333333      -0.780999438533020     
   2.40466333333333        4.50699375000000      -0.747864655892939     
   2.40466333333333        4.80732666666667      -0.718070822266341     
   2.40466333333333        5.10765958333333      -0.691894376105702     
   2.40466333333333        5.40799250000000      -0.669423094108843     
   2.40466333333333        5.70832541666667      -0.650503730915724     
   2.40466333333333        6.00865833333333      -0.634637358058111     
   2.40466333333333        6.30899125000000      -0.620787830517895     
   2.40466333333333        6.60932416666667      -0.607204734843167     
   2.40466333333333        6.90965708333333      -0.591747639324646     
   2.40466333333333        7.20999000000000      -0.573070641683130     
   2.70499625000000       2.000000000000000E-003  -1.36961651662908     
   2.70499625000000       0.302332916666667       -1.35898555638593     
   2.70499625000000       0.602665833333333       -1.32120884230547     
   2.70499625000000       0.902998750000000       -1.26607927228816     
   2.70499625000000        1.20333166666667       -1.20522975430354     
   2.70499625000000        1.50366458333333       -1.14524002720731     
   2.70499625000000        1.80399750000000       -1.08833191673267     
   2.70499625000000        2.10433041666667       -1.03540875810336     
   2.70499625000000        2.40466333333333      -0.986605814781558     
   2.70499625000000        2.70499625000000      -0.941546508399464     
   2.70499625000000        3.00532916666667      -0.899613041424874     
   2.70499625000000        3.30566208333333      -0.860219182743975     
   2.70499625000000        3.60599500000000      -0.823008122520581     
   2.70499625000000        3.90632791666667      -0.787926819800110     
   2.70499625000000        4.20666083333333      -0.755184186262223     
   2.70499625000000        4.50699375000000      -0.725145477940966     
   2.70499625000000        4.80732666666667      -0.698224057550907     
   2.70499625000000        5.10765958333333      -0.674803594379114     
   2.70499625000000        5.40799250000000      -0.655184954003563     
   2.70499625000000        5.70832541666667      -0.639526366447347     
   2.70499625000000        6.00865833333333      -0.627712457662187     
   2.70499625000000        6.30899125000000      -0.618969131056301     
   2.70499625000000        6.60932416666667      -0.610486264184194     
   2.70499625000000        6.90965708333333      -0.598147669900495     
   2.70499625000000        7.20999000000000      -0.580455397597845     
   3.00532916666667       2.000000000000000E-003  -1.33063847524877     
   3.00532916666667       0.302332916666667       -1.31846361432811     
   3.00532916666667       0.602665833333333       -1.27436757260647     
   3.00532916666667       0.902998750000000       -1.21157383706018     
   3.00532916666667        1.20333166666667       -1.14549339563007     
   3.00532916666667        1.50366458333333       -1.08581420610593     
   3.00532916666667        1.80399750000000       -1.03240902830021     
   3.00532916666667        2.10433041666667      -0.984115268405505     
   3.00532916666667        2.40466333333333      -0.940110427148435     
   3.00532916666667        2.70499625000000      -0.899614934979465     
   3.00532916666667        3.00532916666667      -0.861893149739349     
   3.00532916666667        3.30566208333333      -0.826369528524590     
   3.00532916666667        3.60599500000000      -0.792728079143486     
   3.00532916666667        3.90632791666667      -0.760939043121163     
   3.00532916666667        4.20666083333333      -0.731217496263823     
   3.00532916666667        4.50699375000000      -0.703949421547175     
   3.00532916666667        4.80732666666667      -0.679620218201433     
   3.00532916666667        5.10765958333333      -0.658763412506297     
   3.00532916666667        5.40799250000000      -0.641937242709134     
   3.00532916666667        5.70832541666667      -0.629744768606705     
   3.00532916666667        6.00865833333333      -0.622899343822195     
   3.00532916666667        6.30899125000000      -0.621225604520830     
   3.00532916666667        6.60932416666667      -0.619419758432679     
   3.00532916666667        6.90965708333333      -0.610601221973255     
   3.00532916666667        7.20999000000000      -0.593029488024267     
   3.30566208333333       2.000000000000000E-003  -1.28546235006125     
   3.30566208333333       0.302332916666667       -1.27606331985962     
   3.30566208333333       0.602665833333333       -1.23018762077206     
   3.30566208333333       0.902998750000000       -1.16161410290875     
   3.30566208333333        1.20333166666667       -1.09181262491585     
   3.30566208333333        1.50366458333333       -1.03165562997423     
   3.30566208333333        1.80399750000000      -0.980996124650866     
   3.30566208333333        2.10433041666667      -0.936543872301713     
   3.30566208333333        2.40466333333333      -0.896656278864794     
   3.30566208333333        2.70499625000000      -0.860221192987453     
   3.30566208333333        3.00532916666667      -0.826369296099735     
   3.30566208333333        3.30566208333333      -0.794468587643299     
   3.30566208333333        3.60599500000000      -0.764172499646910     
   3.30566208333333        3.90632791666667      -0.735434261866529     
   3.30566208333333        4.20666083333333      -0.708473880226319     
   3.30566208333333        4.50699375000000      -0.683717431726055     
   3.30566208333333        4.80732666666667      -0.661734086280801     
   3.30566208333333        5.10765958333333      -0.643193637344888     
   3.30566208333333        5.40799250000000      -0.628881130979683     
   3.30566208333333        5.70832541666667      -0.619861410570823     
   3.30566208333333        6.00865833333333      -0.618020200909293     
   3.30566208333333        6.30899125000000      -0.623183241817106     
   3.30566208333333        6.60932416666667      -0.628762350183792     
   3.30566208333333        6.90965708333333      -0.623475375000999     
   3.30566208333333        7.20999000000000      -0.605250760826190     
   3.60599500000000       2.000000000000000E-003  -1.23734519105055     
   3.60599500000000       0.302332916666667       -1.21329449269030     
   3.60599500000000       0.602665833333333       -1.16940119749236     
   3.60599500000000       0.902998750000000       -1.10350243713195     
   3.60599500000000        1.20333166666667       -1.03648222658727     
   3.60599500000000        1.50366458333333      -0.979279499770358     
   3.60599500000000        1.80399750000000      -0.932285608133547     
   3.60599500000000        2.10433041666667      -0.891719496270539     
   3.60599500000000        2.40466333333333      -0.855698529650711     
   3.60599500000000        2.70499625000000      -0.823009458780917     
   3.60599500000000        3.00532916666667      -0.792726759810765     
   3.60599500000000        3.30566208333333      -0.764171227773678     
   3.60599500000000        3.60599500000000      -0.736955234753386     
   3.60599500000000        3.90632791666667      -0.711009552592063     
   3.60599500000000        4.20666083333333      -0.686561607260678     
   3.60599500000000        4.50699375000000      -0.664074774690877     
   3.60599500000000        4.80732666666667      -0.644175041594668     
   3.60599500000000        5.10765958333333      -0.627599913008368     
   3.60599500000000        5.40799250000000      -0.615228077576480     
   3.60599500000000        5.70832541666667      -0.608327629482596     
   3.60599500000000        6.00865833333333      -0.609332739124760     
   3.60599500000000        6.30899125000000      -0.618021838640878     
   3.60599500000000        6.60932416666667      -0.627647304340672     
   3.60599500000000        6.90965708333333      -0.625470889837911     
   3.60599500000000        7.20999000000000      -0.614852002323823     
   3.90632791666667       2.000000000000000E-003  -1.13713166339316     
   3.90632791666667       0.302332916666667       -1.12627123242545     
   3.90632791666667       0.602665833333333       -1.08959835806079     
   3.90632791666667       0.902998750000000       -1.03461648404210     
   3.90632791666667        1.20333166666667      -0.977207619382957     
   3.90632791666667        1.50366458333333      -0.927303323272202     
   3.90632791666667        1.80399750000000      -0.885522214568841     
   3.90632791666667        2.10433041666667      -0.849263757098555     
   3.90632791666667        2.40466333333333      -0.817080589313669     
   3.90632791666667        2.70499625000000      -0.787927599231093     
   3.90632791666667        3.00532916666667      -0.760936954372732     
   3.90632791666667        3.30566208333333      -0.735432025202258     
   3.90632791666667        3.60599500000000      -0.711008472281690     
   3.90632791666667        3.90632791666667      -0.687587977379787     
   3.90632791666667        4.20666083333333      -0.665407522007920     
   3.90632791666667        4.50699375000000      -0.644950440748404     
   3.90632791666667        4.80732666666667      -0.626851862008146     
   3.90632791666667        5.10765958333333      -0.611823665359955     
   3.90632791666667        5.40799250000000      -0.600657230225265     
   3.90632791666667        5.70832541666667      -0.594403321663956     
   3.90632791666667        6.00865833333333      -0.594944002669154     
   3.90632791666667        6.30899125000000      -0.602047356391102     
   3.90632791666667        6.60932416666667      -0.609083378436251     
   3.90632791666667        6.90965708333333      -0.605045250433005     
   3.90632791666667        7.20999000000000      -0.588355911015861     
   4.20666083333333       2.000000000000000E-003  -1.03865094043634     
   4.20666083333333       0.302332916666667       -1.03137759275019     
   4.20666083333333       0.602665833333333       -1.00370294655147     
   4.20666083333333       0.902998750000000      -0.962257963011514     
   4.20666083333333        1.20333166666667      -0.917355692706886     
   4.20666083333333        1.50366458333333      -0.876804660078630     
   4.20666083333333        1.80399750000000      -0.841096828820020     
   4.20666083333333        2.10433041666667      -0.809402736351552     
   4.20666083333333        2.40466333333333      -0.781005383165063     
   4.20666083333333        2.70499625000000      -0.755184665510503     
   4.20666083333333        3.00532916666667      -0.731215195210058     
   4.20666083333333        3.30566208333333      -0.708471317478436     
   4.20666083333333        3.60599500000000      -0.686560034397630     
   4.20666083333333        3.90632791666667      -0.665406936620249     
   4.20666083333333        4.20666083333333      -0.645256025586492     
   4.20666083333333        4.50699375000000      -0.626589586917075     
   4.20666083333333        4.80732666666667      -0.610008876305231     
   4.20666083333333        5.10765958333333      -0.596128531416307     
   4.20666083333333        5.40799250000000      -0.585530671673510     
   4.20666083333333        5.70832541666667      -0.578808393507799     
   4.20666083333333        6.00865833333333      -0.576681187860124     
   4.20666083333333        6.30899125000000      -0.578979355371665     
   4.20666083333333        6.60932416666667      -0.580343891210722     
   4.20666083333333        6.90965708333333      -0.574200286005358     
   4.20666083333333        7.20999000000000      -0.559377978732551     
   4.50699375000000       2.000000000000000E-003 -0.949709099377859     
   4.50699375000000       0.302332916666667      -0.944870456689015     
   4.50699375000000       0.602665833333333      -0.925077792701394     
   4.50699375000000       0.902998750000000      -0.895063950686483     
   4.50699375000000        1.20333166666667      -0.861907470346710     
   4.50699375000000        1.50366458333333      -0.829823619475157     
   4.50699375000000        1.80399750000000      -0.799967550590070     
   4.50699375000000        2.10433041666667      -0.772680018500913     
   4.50699375000000        2.40466333333333      -0.747869244866921     
   4.50699375000000        2.70499625000000      -0.725145319188230     
   4.50699375000000        3.00532916666667      -0.703946787471267     
   4.50699375000000        3.30566208333333      -0.683714496828423     
   4.50699375000000        3.60599500000000      -0.664072660426591     
   4.50699375000000        3.90632791666667      -0.644949203913426     
   4.50699375000000        4.20666083333333      -0.626588929763891     
   4.50699375000000        4.50699375000000      -0.609462899269971     
   4.50699375000000        4.80732666666667      -0.594123677807149     
   4.50699375000000        5.10765958333333      -0.581070338830092     
   4.50699375000000        5.40799250000000      -0.570664080530238     
   4.50699375000000        5.70832541666667      -0.563087894897661     
   4.50699375000000        6.00865833333333      -0.558269484806429     
   4.50699375000000        6.30899125000000      -0.555537962950695     
   4.50699375000000        6.60932416666667      -0.552173901695600     
   4.50699375000000        6.90965708333333      -0.544299436640013     
   4.50699375000000        7.20999000000000      -0.530902843046650     
   4.80732666666667       2.000000000000000E-003 -0.875585977576222     
   4.80732666666667       0.302332916666667      -0.872861689853489     
   4.80732666666667       0.602665833333333      -0.859100860094239     
   4.80732666666667       0.902998750000000      -0.838054042896116     
   4.80732666666667        1.20333166666667      -0.813420246364891     
   4.80732666666667        1.50366458333333      -0.787851298200605     
   4.80732666666667        1.80399750000000      -0.762961083320760     
   4.80732666666667        2.10433041666667      -0.739604307354905     
   4.80732666666667        2.40466333333333      -0.718072968352589     
   4.80732666666667        2.70499625000000      -0.698222275081519     
   4.80732666666667        3.00532916666667      -0.679616315268636     
   4.80732666666667        3.30566208333333      -0.661729867854411     
   4.80732666666667        3.60599500000000      -0.644171509681651     
   4.80732666666667        3.90632791666667      -0.626849167814879     
   4.80732666666667        4.20666083333333      -0.610006863018790     
   4.80732666666667        4.50699375000000      -0.594122448234464     
   4.80732666666667        4.80732666666667      -0.579728877728776     
   4.80732666666667        5.10765958333333      -0.567247200094179     
   4.80732666666667        5.40799250000000      -0.556882996755747     
   4.80732666666667        5.70832541666667      -0.548574612896034     
   4.80732666666667        6.00865833333333      -0.541930193195195     
   4.80732666666667        6.30899125000000      -0.536081905882119     
   4.80732666666667        6.60932416666667      -0.529519623497623     
   4.80732666666667        6.90965708333333      -0.520391059535645     
   4.80732666666667        7.20999000000000      -0.507661143854666     
   5.10765958333333       2.000000000000000E-003 -0.817883193674913     
   5.10765958333333       0.302332916666667      -0.816806820564957     
   5.10765958333333       0.602665833333333      -0.807389086793188     
   5.10765958333333       0.902998750000000      -0.791677238676745     
   5.10765958333333        1.20333166666667      -0.772295264001379     
   5.10765958333333        1.50366458333333      -0.751362630565382     
   5.10765958333333        1.80399750000000      -0.730411176786232     
   5.10765958333333        2.10433041666667      -0.710429289154605     
   5.10765958333333        2.40466333333333      -0.691893263220829     
   5.10765958333333        2.70499625000000      -0.674799261471030     
   5.10765958333333        3.00532916666667      -0.658757256219816     
   5.10765958333333        3.30566208333333      -0.643187163825189     
   5.10765958333333        3.60599500000000      -0.627594068123036     
   5.10765958333333        3.90632791666667      -0.611818736191348     
   5.10765958333333        4.20666083333333      -0.596124523869976     
   5.10765958333333        4.50699375000000      -0.581067393464125     
   5.10765958333333        4.80732666666667      -0.567245644844688     
   5.10765958333333        5.10765958333333      -0.555080770301746     
   5.10765958333333        5.40799250000000      -0.544707223781122     
   5.10765958333333        5.70832541666667      -0.535951882474451     
   5.10765958333333        6.00865833333333      -0.528340897546098     
   5.10765958333333        6.30899125000000      -0.521094689911299     
   5.10765958333333        6.60932416666667      -0.513156515204119     
   5.10765958333333        6.90965708333333      -0.503413036972969     
   5.10765958333333        7.20999000000000      -0.491099810974143     
   5.40799250000000       2.000000000000000E-003 -0.773474653771560     
   5.40799250000000       0.302332916666667      -0.773339575497177     
   5.40799250000000       0.602665833333333      -0.766299425026858     
   5.40799250000000       0.902998750000000      -0.753831348355838     
   5.40799250000000        1.20333166666667      -0.737778189314112     
   5.40799250000000        1.50366458333333      -0.720032423922336     
   5.40799250000000        1.80399750000000      -0.702150185674941     
   5.40799250000000        2.10433041666667      -0.685096004667877     
   5.40799250000000        2.40466333333333      -0.669418929253534     
   5.40799250000000        2.70499625000000      -0.655178141947689     
   5.40799250000000        3.00532916666667      -0.641928892588581     
   5.40799250000000        3.30566208333333      -0.628872560258978     
   5.40799250000000        3.60599500000000      -0.615220214236041     
   5.40799250000000        3.90632791666667      -0.600650454958403     
   5.40799250000000        4.20666083333333      -0.585525083670367     
   5.40799250000000        4.50699375000000      -0.570659821724191     
   5.40799250000000        4.80732666666667      -0.556880286921026     
   5.40799250000000        5.10765958333333      -0.544706094348385     
   5.40799250000000        5.40799250000000      -0.534259621002869     
   5.40799250000000        5.70832541666667      -0.525314446544557     
   5.40799250000000        6.00865833333333      -0.517379402080817     
   5.40799250000000        6.30899125000000      -0.509720298084900     
   5.40799250000000        6.60932416666667      -0.501480216886335     
   5.40799250000000        6.90965708333333      -0.491774094231707     
   5.40799250000000        7.20999000000000      -0.479889965908664     
   5.70832541666667       2.000000000000000E-003 -0.738185513665977     
   5.70832541666667       0.302332916666667      -0.738472122437696     
   5.70832541666667       0.602665833333333      -0.732726663976054     
   5.70832541666667       0.902998750000000      -0.722174220771528     
   5.70832541666667        1.20333166666667      -0.708416278086618     
   5.70832541666667        1.50366458333333      -0.693084492151185     
   5.70832541666667        1.80399750000000      -0.677650722613497     
   5.70832541666667        2.10433041666667      -0.663248085670473     
   5.70832541666667        2.40466333333333      -0.650498019158674     
   5.70832541666667        2.70499625000000      -0.639518593369987     
   5.70832541666667        3.00532916666667      -0.629735927454465     
   5.70832541666667        3.30566208333333      -0.619852754273047     
   5.70832541666667        3.60599500000000      -0.608320017752885     
   5.70832541666667        3.90632791666667      -0.594396979808488     
   5.70832541666667        4.20666083333333      -0.578803249968412     
   5.70832541666667        4.50699375000000      -0.563083987343378     
   5.70832541666667        4.80732666666667      -0.548572094089836     
   5.70832541666667        5.10765958333333      -0.535950743716038     
   5.70832541666667        5.40799250000000      -0.525314283141818     
   5.70832541666667        5.70832541666667      -0.516349993371795     
   5.70832541666667        6.00865833333333      -0.508426866976061     
   5.70832541666667        6.30899125000000      -0.500883474472275     
   5.70832541666667        6.60932416666667      -0.492985380709581     
   5.70832541666667        6.90965708333333      -0.483840016100449     
   5.70832541666667        7.20999000000000      -0.472532391956347     
   6.00865833333333       2.000000000000000E-003 -0.710824069108031     
   6.00865833333333       0.302332916666667      -0.711112936216258     
   6.00865833333333       0.602665833333333      -0.705614824827155     
   6.00865833333333       0.902998750000000      -0.695767136891136     
   6.00865833333333        1.20333166666667      -0.683237601123950     
   6.00865833333333        1.50366458333333      -0.669577964642000     
   6.00865833333333        1.80399750000000      -0.656157455447284     
   6.00865833333333        2.10433041666667      -0.644226964667244     
   6.00865833333333        2.40466333333333      -0.634632434644998     
   6.00865833333333        2.70499625000000      -0.627706258913531     
   6.00865833333333        3.00532916666667      -0.622892996280311     
   6.00865833333333        3.30566208333333      -0.618015177382437     
   6.00865833333333        3.60599500000000      -0.609329714801976     
   6.00865833333333        3.90632791666667      -0.594942334156033     
   6.00865833333333        4.20666083333333      -0.576679924056790     
   6.00865833333333        4.50699375000000      -0.558268469407885     
   6.00865833333333        4.80732666666667      -0.541929733344306     
   6.00865833333333        5.10765958333333      -0.528341179541774     
   6.00865833333333        5.40799250000000      -0.517380237868906     
   6.00865833333333        5.70832541666667      -0.508427632070163     
   6.00865833333333        6.00865833333333      -0.500751548489432     
   6.00865833333333        6.30899125000000      -0.493746902478096     
   6.00865833333333        6.60932416666667      -0.486790331902684     
   6.00865833333333        6.90965708333333      -0.478890489556345     
   6.00865833333333        7.20999000000000      -0.468467852117657     
   6.30899125000000       2.000000000000000E-003 -0.692447430830108     
   6.30899125000000       0.302332916666667      -0.692002832540180     
   6.30899125000000       0.602665833333333      -0.685099852246046     
   6.30899125000000       0.902998750000000      -0.674192709558298     
   6.30899125000000        1.20333166666667      -0.661516841954987     
   6.30899125000000        1.50366458333333      -0.648638362182423     
   6.30899125000000        1.80399750000000      -0.636729937645991     
   6.30899125000000        2.10433041666667      -0.627027066867797     
   6.30899125000000        2.40466333333333      -0.620785890686264     
   6.30899125000000        2.70499625000000      -0.618966945897312     
   6.30899125000000        3.00532916666667      -0.621224800907317     
   6.30899125000000        3.30566208333333      -0.623185900716576     
   6.30899125000000        3.60599500000000      -0.618028292239002     
   6.30899125000000        3.90632791666667      -0.602055116503545     
   6.30899125000000        4.20666083333333      -0.578985708981061     
   6.30899125000000        4.50699375000000      -0.555542248472103     
   6.30899125000000        4.80732666666667      -0.536085001708298     
   6.30899125000000        5.10765958333333      -0.521097443404190     
   6.30899125000000        5.40799250000000      -0.509722904886416     
   6.30899125000000        5.70832541666667      -0.500885523888122     
   6.30899125000000        6.00865833333333      -0.493747952794653     
   6.30899125000000        6.30899125000000      -0.487732396529641     
   6.30899125000000        6.60932416666667      -0.482378552350642     
   6.30899125000000        6.90965708333333      -0.476764630596762     
   6.30899125000000        7.20999000000000      -0.467968566475484     
   6.60932416666667       2.000000000000000E-003 -0.683959778868106     
   6.60932416666667       0.302332916666667      -0.681920494648334     
   6.60932416666667       0.602665833333333      -0.671206745817296     
   6.60932416666667       0.902998750000000      -0.656624295933691     
   6.60932416666667        1.20333166666667      -0.642074075532701     
   6.60932416666667        1.50366458333333      -0.629041058127788     
   6.60932416666667        1.80399750000000      -0.618129148964456     
   6.60932416666667        2.10433041666667      -0.610295421048364     
   6.60932416666667        2.40466333333333      -0.607206951492821     
   6.60932416666667        2.70499625000000      -0.610489341865957     
   6.60932416666667        3.00532916666667      -0.619425505623527     
   6.60932416666667        3.30566208333333      -0.628773585126298     
   6.60932416666667        3.60599500000000      -0.627664675759431     
   6.60932416666667        3.90632791666667      -0.609101882666174     
   6.60932416666667        4.20666083333333      -0.580358431532439     
   6.60932416666667        4.50699375000000      -0.552183903548321     
   6.60932416666667        4.80732666666667      -0.529526468141046     
   6.60932416666667        5.10765958333333      -0.513161810336296     
   6.60932416666667        5.40799250000000      -0.501484549717966     
   6.60932416666667        5.70832541666667      -0.492988585344486     
   6.60932416666667        6.00865833333333      -0.486792184560475     
   6.60932416666667        6.30899125000000      -0.482379193347119     
   6.60932416666667        6.60932416666667      -0.479269299971928     
   6.60932416666667        6.90965708333333      -0.476841243178491     
   6.60932416666667        7.20999000000000      -0.470924869936899     
   6.90965708333333       2.000000000000000E-003 -0.676765615353118     
   6.90965708333333       0.302332916666667      -0.675535499296631     
   6.90965708333333       0.602665833333333      -0.660626248573665     
   6.90965708333333       0.902998750000000      -0.640220597022480     
   6.90965708333333        1.20333166666667      -0.622791553143779     
   6.90965708333333        1.50366458333333      -0.609179366619751     
   6.90965708333333        1.80399750000000      -0.598950749620605     
   6.90965708333333        2.10433041666667      -0.592565625147146     
   6.90965708333333        2.40466333333333      -0.591753885689288     
   6.90965708333333        2.70499625000000      -0.598155708898779     
   6.90965708333333        3.00532916666667      -0.610612155627906     
   6.90965708333333        3.30566208333333      -0.623491273827178     
   6.90965708333333        3.60599500000000      -0.625493121328467     
   6.90965708333333        3.90632791666667      -0.605068624164833     
   6.90965708333333        4.20666083333333      -0.574218647047905     
   6.90965708333333        4.50699375000000      -0.544312333847450     
   6.90965708333333        4.80732666666667      -0.520400112703351     
   6.90965708333333        5.10765958333333      -0.503419812484991     
   6.90965708333333        5.40799250000000      -0.491779381403132     
   6.90965708333333        5.70832541666667      -0.483843767328509     
   6.90965708333333        6.00865833333333      -0.478892604182406     
   6.90965708333333        6.30899125000000      -0.476765336172694     
   6.90965708333333        6.60932416666667      -0.476841179953667     
   6.90965708333333        6.90965708333333      -0.476163524222719     
   6.90965708333333        7.20999000000000      -0.471920459657480     
   7.20999000000000       2.000000000000000E-003 -0.661040964704622     
   7.20999000000000       0.302332916666667      -0.659862939493769     
   7.20999000000000       0.602665833333333      -0.643035262071321     
   7.20999000000000       0.902998750000000      -0.619559161088577     
   7.20999000000000        1.20333166666667      -0.601007113641740     
   7.20999000000000        1.50366458333333      -0.587541687269146     
   7.20999000000000        1.80399750000000      -0.578055136914842     
   7.20999000000000        2.10433041666667      -0.572712286810110     
   7.20999000000000        2.40466333333333      -0.573079616247183     
   7.20999000000000        2.70499625000000      -0.580467270726619     
   7.20999000000000        3.00532916666667      -0.593044854123533     
   7.20999000000000        3.30566208333333      -0.605269123740578     
   7.20999000000000        3.60599500000000      -0.614868366660620     
   7.20999000000000        3.90632791666667      -0.588374740065936     
   7.20999000000000        4.20666083333333      -0.559393884840436     
   7.20999000000000        4.50699375000000      -0.530914662341018     
   7.20999000000000        4.80732666666667      -0.507669825071997     
   7.20999000000000        5.10765958333333      -0.491106437506103     
   7.20999000000000        5.40799250000000      -0.479895109008002     
   7.20999000000000        5.70832541666667      -0.472535996137196     
   7.20999000000000        6.00865833333333      -0.468469817255121     
   7.20999000000000        6.30899125000000      -0.467969098400772     
   7.20999000000000        6.60932416666667      -0.470924526100309     
   7.20999000000000        6.90965708333333      -0.471919820861595     
   7.20999000000000        7.20999000000000      -0.464994132920492     
