  2.000000000000000E-003  2.000000000000000E-003  -1.71266693556014     
  2.000000000000000E-003  0.302332916666667       -1.69369611302047     
  2.000000000000000E-003  0.602665833333333       -1.56924109949169     
  2.000000000000000E-003  0.902998750000000       -1.38950389058011     
  2.000000000000000E-003   1.20333166666667       -1.24454364606592     
  2.000000000000000E-003   1.50366458333333       -1.13800280344614     
  2.000000000000000E-003   1.80399750000000       -1.05974175538183     
  2.000000000000000E-003   2.10433041666667       -1.00427951494913     
  2.000000000000000E-003   2.40466333333333      -0.970962354365139     
  2.000000000000000E-003   2.70499625000000      -0.959241616614249     
  2.000000000000000E-003   3.00532916666667      -0.960104414793773     
  2.000000000000000E-003   3.30566208333333      -0.955282319716836     
  2.000000000000000E-003   3.60599500000000      -0.943854384338701     
  2.000000000000000E-003   3.90632791666667      -0.879028396915542     
  2.000000000000000E-003   4.20666083333333      -0.809403485096820     
  2.000000000000000E-003   4.50699375000000      -0.740878291462134     
  2.000000000000000E-003   4.80732666666667      -0.683986651180140     
  2.000000000000000E-003   5.10765958333333      -0.642285376964612     
  2.000000000000000E-003   5.40799250000000      -0.613586107097048     
  2.000000000000000E-003   5.70832541666667      -0.594791281436032     
  2.000000000000000E-003   6.00865833333333      -0.584926504930189     
  2.000000000000000E-003   6.30899125000000      -0.584540206077421     
  2.000000000000000E-003   6.60932416666667      -0.592388859769842     
  2.000000000000000E-003   6.90965708333333      -0.593391331301228     
  2.000000000000000E-003   7.20999000000000      -0.578006580170530     
  0.302332916666667       2.000000000000000E-003  -1.80263931202423     
  0.302332916666667       0.302332916666667       -1.66076479515000     
  0.302332916666667       0.602665833333333       -1.53807407358124     
  0.302332916666667       0.902998750000000       -1.40232420814043     
  0.302332916666667        1.20333166666667       -1.27612123174963     
  0.302332916666667        1.50366458333333       -1.17308821758526     
  0.302332916666667        1.80399750000000       -1.09227496160499     
  0.302332916666667        2.10433041666667       -1.03187554513749     
  0.302332916666667        2.40466333333333      -0.992838748596673     
  0.302332916666667        2.70499625000000      -0.975839506337651     
  0.302332916666667        3.00532916666667      -0.972467069169967     
  0.302332916666667        3.30566208333333      -0.966105332921581     
  0.302332916666667        3.60599500000000      -0.939941765043971     
  0.302332916666667        3.90632791666667      -0.884549197224625     
  0.302332916666667        4.20666083333333      -0.814292750291159     
  0.302332916666667        4.50699375000000      -0.745993981923400     
  0.302332916666667        4.80732666666667      -0.689718215204083     
  0.302332916666667        5.10765958333333      -0.648416921779423     
  0.302332916666667        5.40799250000000      -0.619552304930974     
  0.302332916666667        5.70832541666667      -0.599996847046364     
  0.302332916666667        6.00865833333333      -0.588467058833892     
  0.302332916666667        6.30899125000000      -0.584526042249697     
  0.302332916666667        6.60932416666667      -0.586003185988740     
  0.302332916666667        6.90965708333333      -0.585640993669581     
  0.302332916666667        7.20999000000000      -0.579847514140749     
  0.602665833333333       2.000000000000000E-003  -1.77531996346122     
  0.602665833333333       0.302332916666667       -1.66084371570992     
  0.602665833333333       0.602665833333333       -1.50857198030000     
  0.602665833333333       0.902998750000000       -1.39080338470160     
  0.602665833333333        1.20333166666667       -1.28507243651416     
  0.602665833333333        1.50366458333333       -1.19055874396085     
  0.602665833333333        1.80399750000000       -1.11000604530863     
  0.602665833333333        2.10433041666667       -1.04543706174808     
  0.602665833333333        2.40466333333333      -0.999192062863667     
  0.602665833333333        2.70499625000000      -0.973028440778334     
  0.602665833333333        3.00532916666667      -0.959796927562299     
  0.602665833333333        3.30566208333333      -0.946490143038524     
  0.602665833333333        3.60599500000000      -0.916711440410456     
  0.602665833333333        3.90632791666667      -0.864223934999522     
  0.602665833333333        4.20666083333333      -0.799376690526329     
  0.602665833333333        4.50699375000000      -0.737109944695923     
  0.602665833333333        4.80732666666667      -0.685617380300466     
  0.602665833333333        5.10765958333333      -0.647325762138886     
  0.602665833333333        5.40799250000000      -0.619456530060817     
  0.602665833333333        5.70832541666667      -0.599401555174798     
  0.602665833333333        6.00865833333333      -0.585603613046348     
  0.602665833333333        6.30899125000000      -0.576963988510065     
  0.602665833333333        6.60932416666667      -0.572305157801386     
  0.602665833333333        6.90965708333333      -0.570668207207886     
  0.602665833333333        7.20999000000000      -0.563268441010069     
  0.902998750000000       2.000000000000000E-003  -1.69026931303984     
  0.902998750000000       0.302332916666667       -1.62800533892030     
  0.902998750000000       0.602665833333333       -1.50524783182092     
  0.902998750000000       0.902998750000000       -1.39089081174833     
  0.902998750000000        1.20333166666667       -1.28945250140294     
  0.902998750000000        1.50366458333333       -1.19732896869226     
  0.902998750000000        1.80399750000000       -1.11556996063509     
  0.902998750000000        2.10433041666667       -1.04682643360444     
  0.902998750000000        2.40466333333333      -0.993818462198094     
  0.902998750000000        2.70499625000000      -0.956351641063722     
  0.902998750000000        3.00532916666667      -0.930445507783077     
  0.902998750000000        3.30566208333333      -0.905890937471532     
  0.902998750000000        3.60599500000000      -0.872135076292273     
  0.902998750000000        3.90632791666667      -0.825187638304420     
  0.902998750000000        4.20666083333333      -0.770845161496545     
  0.902998750000000        4.50699375000000      -0.718504723190072     
  0.902998750000000        4.80732666666667      -0.674827284779580     
  0.902998750000000        5.10765958333333      -0.640752229962177     
  0.902998750000000        5.40799250000000      -0.614693247855767     
  0.902998750000000        5.70832541666667      -0.594802144803005     
  0.902998750000000        6.00865833333333      -0.579650802314365     
  0.902998750000000        6.30899125000000      -0.568163470727967     
  0.902998750000000        6.60932416666667      -0.559499691343081     
  0.902998750000000        6.90965708333333      -0.551889687135502     
  0.902998750000000        7.20999000000000      -0.538856840357797     
   1.20333166666667       2.000000000000000E-003  -1.61646818129148     
   1.20333166666667       0.302332916666667       -1.58128830709357     
   1.20333166666667       0.602665833333333       -1.49213299412521     
   1.20333166666667       0.902998750000000       -1.38932104431381     
   1.20333166666667        1.20333166666667       -1.28927310255860     
   1.20333166666667        1.50366458333333       -1.19577861347885     
   1.20333166666667        1.80399750000000       -1.11129561325595     
   1.20333166666667        2.10433041666667       -1.03932166566663     
   1.20333166666667        2.40466333333333      -0.981077471389965     
   1.20333166666667        2.70499625000000      -0.934682998507997     
   1.20333166666667        3.00532916666667      -0.897175218418609     
   1.20333166666667        3.30566208333333      -0.863373134431893     
   1.20333166666667        3.60599500000000      -0.826682209211772     
   1.20333166666667        3.90632791666667      -0.784501956293103     
   1.20333166666667        4.20666083333333      -0.739652721288532     
   1.20333166666667        4.50699375000000      -0.697456859257003     
   1.20333166666667        4.80732666666667      -0.660980722433556     
   1.20333166666667        5.10765958333333      -0.630976469526274     
   1.20333166666667        5.40799250000000      -0.606990942828535     
   1.20333166666667        5.70832541666667      -0.587877567363301     
   1.20333166666667        6.00865833333333      -0.572394297962881     
   1.20333166666667        6.30899125000000      -0.559489938134458     
   1.20333166666667        6.60932416666667      -0.548055690420384     
   1.20333166666667        6.90965708333333      -0.536153486327674     
   1.20333166666667        7.20999000000000      -0.520442605592787     
   1.50366458333333       2.000000000000000E-003  -1.56054493446508     
   1.50366458333333       0.302332916666667       -1.53723130545381     
   1.50366458333333       0.602665833333333       -1.46879994200893     
   1.50366458333333       0.902998750000000       -1.37767707125787     
   1.50366458333333        1.20333166666667       -1.28025389310469     
   1.50366458333333        1.50366458333333       -1.18534589116219     
   1.50366458333333        1.80399750000000       -1.09910114001315     
   1.50366458333333        2.10433041666667       -1.02560084496440     
   1.50366458333333        2.40466333333333      -0.963961177456701     
   1.50366458333333        2.70499625000000      -0.912508780167770     
   1.50366458333333        3.00532916666667      -0.868726467243421     
   1.50366458333333        3.30566208333333      -0.829263031124146     
   1.50366458333333        3.60599500000000      -0.790896340066691     
   1.50366458333333        3.90632791666667      -0.752140256222158     
   1.50366458333333        4.20666083333333      -0.713880944887436     
   1.50366458333333        4.50699375000000      -0.678170919331786     
   1.50366458333333        4.80732666666667      -0.646661257421970     
   1.50366458333333        5.10765958333333      -0.620004099315558     
   1.50366458333333        5.40799250000000      -0.598016103579947     
   1.50366458333333        5.70832541666667      -0.579997062978708     
   1.50366458333333        6.00865833333333      -0.564876812970307     
   1.50366458333333        6.30899125000000      -0.551564783719499     
   1.50366458333333        6.60932416666667      -0.538832381102074     
   1.50366458333333        6.90965708333333      -0.525084712884017     
   1.50366458333333        7.20999000000000      -0.508584052639039     
   1.80399750000000       2.000000000000000E-003  -1.51832329080770     
   1.80399750000000       0.302332916666667       -1.50006469579777     
   1.80399750000000       0.602665833333333       -1.44081393413892     
   1.80399750000000       0.902998750000000       -1.35637969588778     
   1.80399750000000        1.20333166666667       -1.26094388986544     
   1.80399750000000        1.50366458333333       -1.16655563770409     
   1.80399750000000        1.80399750000000       -1.08164346733632     
   1.80399750000000        2.10433041666667       -1.00754458340335     
   1.80399750000000        2.40466333333333      -0.944195702427487     
   1.80399750000000        2.70499625000000      -0.890499942757487     
   1.80399750000000        3.00532916666667      -0.844362570827544     
   1.80399750000000        3.30566208333333      -0.803203621483437     
   1.80399750000000        3.60599500000000      -0.764811188978191     
   1.80399750000000        3.90632791666667      -0.728115208934752     
   1.80399750000000        4.20666083333333      -0.693342386367590     
   1.80399750000000        4.50699375000000      -0.661439142870266     
   1.80399750000000        4.80732666666667      -0.633285608984969     
   1.80399750000000        5.10765958333333      -0.609246207730687     
   1.80399750000000        5.40799250000000      -0.589135044004147     
   1.80399750000000        5.70832541666667      -0.572369711028156     
   1.80399750000000        6.00865833333333      -0.558101644683784     
   1.80399750000000        6.30899125000000      -0.545238974165721     
   1.80399750000000        6.60932416666667      -0.532501283659940     
   1.80399750000000        6.90965708333333      -0.518498795882040     
   1.80399750000000        7.20999000000000      -0.502059647533166     
   2.10433041666667       2.000000000000000E-003  -1.49064615616426     
   2.10433041666667       0.302332916666667       -1.47159730872834     
   2.10433041666667       0.602665833333333       -1.41280681834889     
   2.10433041666667       0.902998750000000       -1.32795314956653     
   2.10433041666667        1.20333166666667       -1.23515148923753     
   2.10433041666667        1.50366458333333       -1.14429465899124     
   2.10433041666667        1.80399750000000       -1.06051844606544     
   2.10433041666667        2.10433041666667      -0.986422775069600     
   2.10433041666667        2.40466333333333      -0.922796108637992     
   2.10433041666667        2.70499625000000      -0.868840113947463     
   2.10433041666667        3.00532916666667      -0.822588904732916     
   2.10433041666667        3.30566208333333      -0.781673046572927     
   2.10433041666667        3.60599500000000      -0.744168502720093     
   2.10433041666667        3.90632791666667      -0.709139776328723     
   2.10433041666667        4.20666083333333      -0.676635170241307     
   2.10433041666667        4.50699375000000      -0.647227123355443     
   2.10433041666667        4.80732666666667      -0.621457410148023     
   2.10433041666667        5.10765958333333      -0.599511290836610     
   2.10433041666667        5.40799250000000      -0.581181997727481     
   2.10433041666667        5.70832541666667      -0.565968142079342     
   2.10433041666667        6.00865833333333      -0.553121416116325     
   2.10433041666667        6.30899125000000      -0.541590064757013     
   2.10433041666667        6.60932416666667      -0.529979736286451     
   2.10433041666667        6.90965708333333      -0.516785878230476     
   2.10433041666667        7.20999000000000      -0.500840559484964     
   2.40466333333333       2.000000000000000E-003  -1.49015656049979     
   2.40466333333333       0.302332916666667       -1.46656515971169     
   2.40466333333333       0.602665833333333       -1.39715337963899     
   2.40466333333333       0.902998750000000       -1.30688425417431     
   2.40466333333333        1.20333166666667       -1.21189231377091     
   2.40466333333333        1.50366458333333       -1.12034179349380     
   2.40466333333333        1.80399750000000       -1.03662285783484     
   2.40466333333333        2.10433041666667      -0.963095066074589     
   2.40466333333333        2.40466333333333      -0.900410556188038     
   2.40466333333333        2.70499625000000      -0.847611643062597     
   2.40466333333333        3.00532916666667      -0.802597838638216     
   2.40466333333333        3.30566208333333      -0.762966724388427     
   2.40466333333333        3.60599500000000      -0.726861063306588     
   2.40466333333333        3.90632791666667      -0.693420921462642     
   2.40466333333333        4.20666083333333      -0.662689411240696     
   2.40466333333333        4.50699375000000      -0.635148322521298     
   2.40466333333333        4.80732666666667      -0.611231084979297     
   2.40466333333333        5.10765958333333      -0.591073474681995     
   2.40466333333333        5.40799250000000      -0.574522091284033     
   2.40466333333333        5.70832541666667      -0.561228478264380     
   2.40466333333333        6.00865833333333      -0.550628511934077     
   2.40466333333333        6.30899125000000      -0.541716802954347     
   2.40466333333333        6.60932416666667      -0.532753169747951     
   2.40466333333333        6.90965708333333      -0.521471207423176     
   2.40466333333333        7.20999000000000      -0.506286434879879     
   2.70499625000000       2.000000000000000E-003  -1.52040353188612     
   2.70499625000000       0.302332916666667       -1.49164990444589     
   2.70499625000000       0.602665833333333       -1.40815159624103     
   2.70499625000000       0.902998750000000       -1.29810677027615     
   2.70499625000000        1.20333166666667       -1.19059246892385     
   2.70499625000000        1.50366458333333       -1.09468117514701     
   2.70499625000000        1.80399750000000       -1.01045139411386     
   2.70499625000000        2.10433041666667      -0.938169728620094     
   2.70499625000000        2.40466333333333      -0.877450647840106     
   2.70499625000000        2.70499625000000      -0.826786865364510     
   2.70499625000000        3.00532916666667      -0.783798003491818     
   2.70499625000000        3.30566208333333      -0.745992527411593     
   2.70499625000000        3.60599500000000      -0.711552729108589     
   2.70499625000000        3.90632791666667      -0.679705653189608     
   2.70499625000000        4.20666083333333      -0.650556804446501     
   2.70499625000000        4.50699375000000      -0.624602433908380     
   2.70499625000000        4.80732666666667      -0.602274679784616     
   2.70499625000000        5.10765958333333      -0.583754314853070     
   2.70499625000000        5.40799250000000      -0.569040200935827     
   2.70499625000000        5.70832541666667      -0.558084050961679     
   2.70499625000000        6.00865833333333      -0.550760740178262     
   2.70499625000000        6.30899125000000      -0.546434298990977     
   2.70499625000000        6.60932416666667      -0.542292922095892     
   2.70499625000000        6.90965708333333      -0.533944794588912     
   2.70499625000000        7.20999000000000      -0.519464091833765     
   3.00532916666667       2.000000000000000E-003  -1.54851426205290     
   3.00532916666667       0.302332916666667       -1.51432888241039     
   3.00532916666667       0.602665833333333       -1.41621519490113     
   3.00532916666667       0.902998750000000       -1.29025415778982     
   3.00532916666667        1.20333166666667       -1.16817371502658     
   3.00532916666667        1.50366458333333       -1.06655255841007     
   3.00532916666667        1.80399750000000      -0.982203660577139     
   3.00532916666667        2.10433041666667      -0.912032648315517     
   3.00532916666667        2.40466333333333      -0.854099823779604     
   3.00532916666667        2.70499625000000      -0.806179475922458     
   3.00532916666667        3.00532916666667      -0.765609333876597     
   3.00532916666667        3.30566208333333      -0.729862108330661     
   3.00532916666667        3.60599500000000      -0.697206129698339     
   3.00532916666667        3.90632791666667      -0.666979532061392     
   3.00532916666667        4.20666083333333      -0.639364468655761     
   3.00532916666667        4.50699375000000      -0.614891863558429     
   3.00532916666667        4.80732666666667      -0.594025901978556     
   3.00532916666667        5.10765958333333      -0.577041109266011     
   3.00532916666667        5.40799250000000      -0.564166291309002     
   3.00532916666667        5.70832541666667      -0.555824154273025     
   3.00532916666667        6.00865833333333      -0.552801656615392     
   3.00532916666667        6.30899125000000      -0.555110796427116     
   3.00532916666667        6.60932416666667      -0.557340858035446     
   3.00532916666667        6.90965708333333      -0.552488015788898     
   3.00532916666667        7.20999000000000      -0.538055920436612     
   3.30566208333333       2.000000000000000E-003  -1.53904445135619     
   3.30566208333333       0.302332916666667       -1.50692455244414     
   3.30566208333333       0.602665833333333       -1.40465165975305     
   3.30566208333333       0.902998750000000       -1.26886483922855     
   3.30566208333333        1.20333166666667       -1.13949008409049     
   3.30566208333333        1.50366458333333       -1.03453222127040     
   3.30566208333333        1.80399750000000      -0.951748576068138     
   3.30566208333333        2.10433041666667      -0.884798288937875     
   3.30566208333333        2.40466333333333      -0.830312741854228     
   3.30566208333333        2.70499625000000      -0.785477773737180     
   3.30566208333333        3.00532916666667      -0.747479593064854     
   3.30566208333333        3.30566208333333      -0.713862575500189     
   3.30566208333333        3.60599500000000      -0.683041699262541     
   3.30566208333333        3.90632791666667      -0.654477493912193     
   3.30566208333333        4.20666083333333      -0.628410460096607     
   3.30566208333333        4.50699375000000      -0.605384158595026     
   3.30566208333333        4.80732666666667      -0.585884017070378     
   3.30566208333333        5.10765958333333      -0.570277231045984     
   3.30566208333333        5.40799250000000      -0.559025305597668     
   3.30566208333333        5.70832541666667      -0.553064237967291     
   3.30566208333333        6.00865833333333      -0.554428398554072     
   3.30566208333333        6.30899125000000      -0.563016881224415     
   3.30566208333333        6.60932416666667      -0.572166580680437     
   3.30566208333333        6.90965708333333      -0.570623352321690     
   3.30566208333333        7.20999000000000      -0.555500105121918     
   3.60599500000000       2.000000000000000E-003  -1.49797442076977     
   3.60599500000000       0.302332916666667       -1.45460051040743     
   3.60599500000000       0.602665833333333       -1.35813798626521     
   3.60599500000000       0.902998750000000       -1.22546205337177     
   3.60599500000000        1.20333166666667       -1.09889653374256     
   3.60599500000000        1.50366458333333      -0.997060555351505     
   3.60599500000000        1.80399750000000      -0.918764533064305     
   3.60599500000000        2.10433041666667      -0.856381972085627     
   3.60599500000000        2.40466333333333      -0.805928853765832     
   3.60599500000000        2.70499625000000      -0.764398163480735     
   3.60599500000000        3.00532916666667      -0.729039950717457     
   3.60599500000000        3.30566208333333      -0.697587306003846     
   3.60599500000000        3.60599500000000      -0.668647096118152     
   3.60599500000000        3.90632791666667      -0.641795756489963     
   3.60599500000000        4.20666083333333      -0.617300013608205     
   3.60599500000000        4.50699375000000      -0.595681502131539     
   3.60599500000000        4.80732666666667      -0.577416464394249     
   3.60599500000000        5.10765958333333      -0.562920930719788     
   3.60599500000000        5.40799250000000      -0.552787057969677     
   3.60599500000000        5.70832541666667      -0.548215188625896     
   3.60599500000000        6.00865833333333      -0.551819982183753     
   3.60599500000000        6.30899125000000      -0.563402299479857     
   3.60599500000000        6.60932416666667      -0.576121609154620     
   3.60599500000000        6.90965708333333      -0.577204749589997     
   3.60599500000000        7.20999000000000      -0.569500512165833     
   3.90632791666667       2.000000000000000E-003  -1.38265681275030     
   3.90632791666667       0.302332916666667       -1.35633254433684     
   3.90632791666667       0.602665833333333       -1.27192409229375     
   3.90632791666667       0.902998750000000       -1.15642955634409     
   3.90632791666667        1.20333166666667       -1.04448874721159     
   3.90632791666667        1.50366458333333      -0.953712052623110     
   3.90632791666667        1.80399750000000      -0.883252039037472     
   3.90632791666667        2.10433041666667      -0.826808526634692     
   3.90632791666667        2.40466333333333      -0.780933943965926     
   3.90632791666667        2.70499625000000      -0.742915983518518     
   3.90632791666667        3.00532916666667      -0.710288562466305     
   3.90632791666667        3.30566208333333      -0.681064966171048     
   3.90632791666667        3.60599500000000      -0.654064126863981     
   3.90632791666667        3.90632791666667      -0.628961949586233     
   3.90632791666667        4.20666083333333      -0.606024720100982     
   3.90632791666667        4.50699375000000      -0.585728925481812     
   3.90632791666667        4.80732666666667      -0.568515642695139     
   3.90632791666667        5.10765958333333      -0.554790990733164     
   3.90632791666667        5.40799250000000      -0.545120801513668     
   3.90632791666667        5.70832541666667      -0.540545325044015     
   3.90632791666667        6.00865833333333      -0.543139015273100     
   3.90632791666667        6.30899125000000      -0.552763926328079     
   3.90632791666667        6.60932416666667      -0.562759028935920     
   3.90632791666667        6.90965708333333      -0.562005430770374     
   3.90632791666667        7.20999000000000      -0.547792532232785     
   4.20666083333333       2.000000000000000E-003  -1.24263418947181     
   4.20666083333333       0.302332916666667       -1.22186729497464     
   4.20666083333333       0.602665833333333       -1.15718614248561     
   4.20666083333333       0.902998750000000       -1.06905780096238     
   4.20666083333333        1.20333166666667      -0.980402214823770     
   4.20666083333333        1.50366458333333      -0.906421569371485     
   4.20666083333333        1.80399750000000      -0.846112715190326     
   4.20666083333333        2.10433041666667      -0.796603283878821     
   4.20666083333333        2.40466333333333      -0.755742960495677     
   4.20666083333333        2.70499625000000      -0.721449140625785     
   4.20666083333333        3.00532916666667      -0.691681287770867     
   4.20666083333333        3.30566208333333      -0.664776094683411     
   4.20666083333333        3.60599500000000      -0.639760615265941     
   4.20666083333333        3.90632791666667      -0.616393939961706     
   4.20666083333333        4.20666083333333      -0.594933925514553     
   4.20666083333333        4.50699375000000      -0.575814503391885     
   4.20666083333333        4.80732666666667      -0.559438695759239     
   4.20666083333333        5.10765958333333      -0.546165365466372     
   4.20666083333333        5.40799250000000      -0.536421915133704     
   4.20666083333333        5.70832541666667      -0.530829605730467     
   4.20666083333333        6.00865833333333      -0.530272860009956     
   4.20666083333333        6.30899125000000      -0.534736584185122     
   4.20666083333333        6.60932416666667      -0.538797592473644     
   4.20666083333333        6.90965708333333      -0.535573355697736     
   4.20666083333333        7.20999000000000      -0.522723819939441     
   4.50699375000000       2.000000000000000E-003  -1.09703788633520     
   4.50699375000000       0.302332916666667       -1.08381683055597     
   4.50699375000000       0.602665833333333       -1.04073122227850     
   4.50699375000000       0.902998750000000      -0.979764166602541     
   4.50699375000000        1.20333166666667      -0.916320495292245     
   4.50699375000000        1.50366458333333      -0.858967135574273     
   4.50699375000000        1.80399750000000      -0.809212899798671     
   4.50699375000000        2.10433041666667      -0.766945227679672     
   4.50699375000000        2.40466333333333      -0.731292081601960     
   4.50699375000000        2.70499625000000      -0.700858125736940     
   4.50699375000000        3.00532916666667      -0.674053750008133     
   4.50699375000000        3.30566208333333      -0.649526917058441     
   4.50699375000000        3.60599500000000      -0.626486590323393     
   4.50699375000000        3.90632791666667      -0.604761661103275     
   4.50699375000000        4.20666083333333      -0.584614312041555     
   4.50699375000000        4.50699375000000      -0.566467073390523     
   4.50699375000000        4.80732666666667      -0.550712192704839     
   4.50699375000000        5.10765958333333      -0.537664311447793     
   4.50699375000000        5.40799250000000      -0.527592487969843     
   4.50699375000000        5.70832541666667      -0.520716233892874     
   4.50699375000000        6.00865833333333      -0.517061635643501     
   4.50699375000000        6.30899125000000      -0.516020956449113     
   4.50699375000000        6.60932416666667      -0.514770891370969     
   4.50699375000000        6.90965708333333      -0.508982934402985     
   4.50699375000000        7.20999000000000      -0.496847670224447     
   4.80732666666667       2.000000000000000E-003 -0.977568513520786     
   4.80732666666667       0.302332916666667      -0.970480855987431     
   4.80732666666667       0.602665833333333      -0.943585217876122     
   4.80732666666667       0.902998750000000      -0.903767883223884     
   4.80732666666667        1.20333166666667      -0.859072283835389     
   4.80732666666667        1.50366458333333      -0.815099614606738     
   4.80732666666667        1.80399750000000      -0.774817006415019     
   4.80732666666667        2.10433041666667      -0.739403211761029     
   4.80732666666667        2.40466333333333      -0.708820390572785     
   4.80732666666667        2.70499625000000      -0.682221785252183     
   4.80732666666667        3.00532916666667      -0.658398571865456     
   4.80732666666667        3.30566208333333      -0.636244526738227     
   4.80732666666667        3.60599500000000      -0.615095493194272     
   4.80732666666667        3.90632791666667      -0.594831070775436     
   4.80732666666667        4.20666083333333      -0.575745360301629     
   4.80732666666667        4.50699375000000      -0.558306774371311     
   4.80732666666667        4.80732666666667      -0.542953228225560     
   4.80732666666667        5.10765958333333      -0.529993980345881     
   4.80732666666667        5.40799250000000      -0.519582369973205     
   4.80732666666667        5.70832541666667      -0.511671230901592     
   4.80732666666667        6.00865833333333      -0.505883231637723     
   4.80732666666667        6.30899125000000      -0.501283084955527     
   4.80732666666667        6.60932416666667      -0.496166841370079     
   4.80732666666667        6.90965708333333      -0.488337597963033     
   4.80732666666667        7.20999000000000      -0.476268416949574     
   5.10765958333333       2.000000000000000E-003 -0.892252336748986     
   5.10765958333333       0.302332916666667      -0.888750806684523     
   5.10765958333333       0.602665833333333      -0.871410948714917     
   5.10765958333333       0.902998750000000      -0.844180773120310     
   5.10765958333333        1.20333166666667      -0.811455846622255     
   5.10765958333333        1.50366458333333      -0.777363415524189     
   5.10765958333333        1.80399750000000      -0.744815090917958     
   5.10765958333333        2.10433041666667      -0.715374217557579     
   5.10765958333333        2.40466333333333      -0.689429090381154     
   5.10765958333333        2.70499625000000      -0.666496599099681     
   5.10765958333333        3.00532916666667      -0.645623077944882     
   5.10765958333333        3.30566208333333      -0.625822464529785     
   5.10765958333333        3.60599500000000      -0.606448395144711     
   5.10765958333333        3.90632791666667      -0.587387332739428     
   5.10765958333333        4.20666083333333      -0.569007522408764     
   5.10765958333333        4.50699375000000      -0.551917232665213     
   5.10765958333333        4.80732666666667      -0.536691026475823     
   5.10765958333333        5.10765958333333      -0.523695939760852     
   5.10765958333333        5.40799250000000      -0.513027638161883     
   5.10765958333333        5.70832541666667      -0.504486558233063     
   5.10765958333333        6.00865833333333      -0.497536334283754     
   5.10765958333333        6.30899125000000      -0.491249795581850     
   5.10765958333333        6.60932416666667      -0.484323692410956     
   5.10765958333333        6.90965708333333      -0.475324953202532     
   5.10765958333333        7.20999000000000      -0.463218454418504     
   5.40799250000000       2.000000000000000E-003 -0.835693079982440     
   5.40799250000000       0.302332916666667      -0.833621407477685     
   5.40799250000000       0.602665833333333      -0.820571390908665     
   5.40799250000000       0.902998750000000      -0.799597536536530     
   5.40799250000000        1.20333166666667      -0.774082886208641     
   5.40799250000000        1.50366458333333      -0.746832090186108     
   5.40799250000000        1.80399750000000      -0.720113718411163     
   5.40799250000000        2.10433041666667      -0.695524818429235     
   5.40799250000000        2.40466333333333      -0.673660355584125     
   5.40799250000000        2.70499625000000      -0.654254134704240     
   5.40799250000000        3.00532916666667      -0.636447514307356     
   5.40799250000000        3.30566208333333      -0.619152699050801     
   5.40799250000000        3.60599500000000      -0.601510601894245     
   5.40799250000000        3.90632791666667      -0.583311132797575     
   5.40799250000000        4.20666083333333      -0.565087141343315     
   5.40799250000000        4.50699375000000      -0.547776345327730     
   5.40799250000000        4.80732666666667      -0.532244517188982     
   5.40799250000000        5.10765958333333      -0.518995031040211     
   5.40799250000000        5.40799250000000      -0.508107454277351     
   5.40799250000000        5.70832541666667      -0.499286616680793     
   5.40799250000000        6.00865833333333      -0.491923179782223     
   5.40799250000000        6.30899125000000      -0.485086633780465     
   5.40799250000000        6.60932416666667      -0.477658810543565     
   5.40799250000000        6.90965708333333      -0.468453658320652     
   5.40799250000000        7.20999000000000      -0.456500263864260     
   5.70832541666667       2.000000000000000E-003 -0.802451088275803     
   5.70832541666667       0.302332916666667      -0.800152992940472     
   5.70832541666667       0.602665833333333      -0.787360057456576     
   5.70832541666667       0.902998750000000      -0.768385154197056     
   5.70832541666667        1.20333166666667      -0.746350601011778     
   5.70832541666667        1.50366458333333      -0.723151930443969     
   5.70832541666667        1.80399750000000      -0.700371841763347     
   5.70832541666667        2.10433041666667      -0.679518396261928     
   5.70832541666667        2.40466333333333      -0.661314515210017     
   5.70832541666667        2.70499625000000      -0.645634032753303     
   5.70832541666667        3.00532916666667      -0.631544924120158     
   5.70832541666667        3.30566208333333      -0.617461439606146     
   5.70832541666667        3.60599500000000      -0.601761149170973     
   5.70832541666667        3.90632791666667      -0.583870934738494     
   5.70832541666667        4.20666083333333      -0.564775011469441     
   5.70832541666667        4.50699375000000      -0.546223248052310     
   5.70832541666667        4.80732666666667      -0.529648220606845     
   5.70832541666667        5.10765958333333      -0.515746789786590     
   5.70832541666667        5.40799250000000      -0.504565965271698     
   5.70832541666667        5.70832541666667      -0.495692130217348     
   5.70832541666667        6.00865833333333      -0.488332233396496     
   5.70832541666667        6.30899125000000      -0.481640049973865     
   5.70832541666667        6.60932416666667      -0.474633921983797     
   5.70832541666667        6.90965708333333      -0.466052420272043     
   5.70832541666667        7.20999000000000      -0.454556796171765     
   6.00865833333333       2.000000000000000E-003 -0.789911374105413     
   6.00865833333333       0.302332916666667      -0.784863251432603     
   6.00865833333333       0.602665833333333      -0.767697067329744     
   6.00865833333333       0.902998750000000      -0.746993846347430     
   6.00865833333333        1.20333166666667      -0.725716197618281     
   6.00865833333333        1.50366458333333      -0.704474145994721     
   6.00865833333333        1.80399750000000      -0.684145962882047     
   6.00865833333333        2.10433041666667      -0.666125607193388     
   6.00865833333333        2.40466333333333      -0.651525713641608     
   6.00865833333333        2.70499625000000      -0.640447570260643     
   6.00865833333333        3.00532916666667      -0.631893526614225     
   6.00865833333333        3.30566208333333      -0.623137957550712     
   6.00865833333333        3.60599500000000      -0.610157024703597     
   6.00865833333333        3.90632791666667      -0.591383256834234     
   6.00865833333333        4.20666083333333      -0.569100316100859     
   6.00865833333333        4.50699375000000      -0.547363189444587     
   6.00865833333333        4.80732666666667      -0.528561857208442     
   6.00865833333333        5.10765958333333      -0.513428805001416     
   6.00865833333333        5.40799250000000      -0.501800154453104     
   6.00865833333333        5.70832541666667      -0.492913943352239     
   6.00865833333333        6.00865833333333      -0.485889294493084     
   6.00865833333333        6.30899125000000      -0.479964032076179     
   6.00865833333333        6.60932416666667      -0.474312719290150     
   6.00865833333333        6.90965708333333      -0.467491942684781     
   6.00865833333333        7.20999000000000      -0.457020534585416     
   6.30899125000000       2.000000000000000E-003 -0.796824610454874     
   6.30899125000000       0.302332916666667      -0.784043115555840     
   6.30899125000000       0.602665833333333      -0.756710725265366     
   6.30899125000000       0.902998750000000      -0.731768979901495     
   6.30899125000000        1.20333166666667      -0.709360526187396     
   6.30899125000000        1.50366458333333      -0.688310818859547     
   6.30899125000000        1.80399750000000      -0.669246311033553     
   6.30899125000000        2.10433041666667      -0.653575570530471     
   6.30899125000000        2.40466333333333      -0.642878890510795     
   6.30899125000000        2.70499625000000      -0.638057273198943     
   6.30899125000000        3.00532916666667      -0.637843390283155     
   6.30899125000000        3.30566208333333      -0.636415126344374     
   6.30899125000000        3.60599500000000      -0.626700124324694     
   6.30899125000000        3.90632791666667      -0.605845005534252     
   6.30899125000000        4.20666083333333      -0.578188014832177     
   6.30899125000000        4.50699375000000      -0.550683376076414     
   6.30899125000000        4.80732666666667      -0.528086762183884     
   6.30899125000000        5.10765958333333      -0.511124573175897     
   6.30899125000000        5.40799250000000      -0.498874098948382     
   6.30899125000000        5.70832541666667      -0.490109823651345     
   6.30899125000000        6.00865833333333      -0.483860163101742     
   6.30899125000000        6.30899125000000      -0.479370765740524     
   6.30899125000000        6.60932416666667      -0.476047452181269     
   6.30899125000000        6.90965708333333      -0.472657333283830     
   6.30899125000000        7.20999000000000      -0.464514036880521     
   6.60932416666667       2.000000000000000E-003 -0.816114417557484     
   6.60932416666667       0.302332916666667      -0.787754908873726     
   6.60932416666667       0.602665833333333      -0.749137063179151     
   6.60932416666667       0.902998750000000      -0.720627148001194     
   6.60932416666667        1.20333166666667      -0.695266729517963     
   6.60932416666667        1.50366458333333      -0.672527065706653     
   6.60932416666667        1.80399750000000      -0.653603593355628     
   6.60932416666667        2.10433041666667      -0.639919810107946     
   6.60932416666667        2.40466333333333      -0.633339721671060     
   6.60932416666667        2.70499625000000      -0.635470901286458     
   6.60932416666667        3.00532916666667      -0.643577412007041     
   6.60932416666667        3.30566208333333      -0.650254651365332     
   6.60932416666667        3.60599500000000      -0.644179284919308     
   6.60932416666667        3.90632791666667      -0.620387115336074     
   6.60932416666667        4.20666083333333      -0.586576380502229     
   6.60932416666667        4.50699375000000      -0.553403795392019     
   6.60932416666667        4.80732666666667      -0.526537842660476     
   6.60932416666667        5.10765958333333      -0.507528618919280     
   6.60932416666667        5.40799250000000      -0.494680816908105     
   6.60932416666667        5.70832541666667      -0.486346905608635     
   6.60932416666667        6.00865833333333      -0.481528007240582     
   6.60932416666667        6.30899125000000      -0.479465778933033     
   6.60932416666667        6.60932416666667      -0.479278923339978     
   6.60932416666667        6.90965708333333      -0.480412026649599     
   6.60932416666667        7.20999000000000      -0.476709387416339     
   6.90965708333333       2.000000000000000E-003 -0.811436651235793     
   6.90965708333333       0.302332916666667      -0.779290028475310     
   6.90965708333333       0.602665833333333      -0.747216464191183     
   6.90965708333333       0.902998750000000      -0.712877498480508     
   6.90965708333333        1.20333166666667      -0.680852271750972     
   6.90965708333333        1.50366458333333      -0.654868632472018     
   6.90965708333333        1.80399750000000      -0.635513091899847     
   6.90965708333333        2.10433041666667      -0.623397871023239     
   6.90965708333333        2.40466333333333      -0.620306153701473     
   6.90965708333333        2.70499625000000      -0.627246189050169     
   6.90965708333333        3.00532916666667      -0.640786061229628     
   6.90965708333333        3.30566208333333      -0.651974437082870     
   6.90965708333333        3.60599500000000      -0.648759899854993     
   6.90965708333333        3.90632791666667      -0.623493022394357     
   6.90965708333333        4.20666083333333      -0.587163483192894     
   6.90965708333333        4.50699375000000      -0.550964899073868     
   6.90965708333333        4.80732666666667      -0.521608278415912     
   6.90965708333333        5.10765958333333      -0.501143678293295     
   6.90965708333333        5.40799250000000      -0.488037498857131     
   6.90965708333333        5.70832541666667      -0.480418647034907     
   6.90965708333333        6.00865833333333      -0.477593214507999     
   6.90965708333333        6.30899125000000      -0.479364431138299     
   6.90965708333333        6.60932416666667      -0.484120673252175     
   6.90965708333333        6.90965708333333      -0.486608183429885     
   6.90965708333333        7.20999000000000      -0.484689779109030     
   7.20999000000000       2.000000000000000E-003 -0.773453572041416     
   7.20999000000000       0.302332916666667      -0.775235176573673     
   7.20999000000000       0.602665833333333      -0.743756564641058     
   7.20999000000000       0.902998750000000      -0.697636168521012     
   7.20999000000000        1.20333166666667      -0.660009752594582     
   7.20999000000000        1.50366458333333      -0.632568775126612     
   7.20999000000000        1.80399750000000      -0.613620826949720     
   7.20999000000000        2.10433041666667      -0.602857596890725     
   7.20999000000000        2.40466333333333      -0.601659432560144     
   7.20999000000000        2.70499625000000      -0.610385908207036     
   7.20999000000000        3.00532916666667      -0.625033653805517     
   7.20999000000000        3.30566208333333      -0.636332513193797     
   7.20999000000000        3.60599500000000      -0.642610338379104     
   7.20999000000000        3.90632791666667      -0.611757642190870     
   7.20999000000000        4.20666083333333      -0.576717060120300     
   7.20999000000000        4.50699375000000      -0.540898983996647     
   7.20999000000000        4.80732666666667      -0.511389556601919     
   7.20999000000000        5.10765958333333      -0.490804943952136     
   7.20999000000000        5.40799250000000      -0.477928183013988     
   7.20999000000000        5.70832541666667      -0.470949147864405     
   7.20999000000000        6.00865833333333      -0.469482351785202     
   7.20999000000000        6.30899125000000      -0.474222678968564     
   7.20999000000000        6.60932416666667      -0.484484502477453     
   7.20999000000000        6.90965708333333      -0.489039219487412     
   7.20999000000000        7.20999000000000      -0.479889303519219     
